0 0.22198275937499998 0.5480769234375 0.23491379375000002 0.5360576921875 0.22413793124999998 0.533653846875 0.21336206875000002 0.51923076875 0.15732758593750001 0.4050480765625 0.153017240625 0.400240384375 0.137931034375 0.3990384609375 0.125 0.40985576874999996 0.1056034484375 0.528846153125 0.07758620625 0.5480769234375 0.11637931093750001 0.5516826921875 0.22198275937499998 0.5480769234375
0 0.090517240625 0.6105769234375 0.0323275859375 0.606971153125 0.002155171875 0.5516826921875 0 0.6550480765625 0.015086206250000001 0.6550480765625 0.043103448437500004 0.6454326921875 0.090517240625 0.6105769234375
0 0.3038793109375 0.4927884609375 0.284482759375 0.4771634609375 0.24137931093749998 0.390625 0.2198275859375 0.393028846875 0.211206896875 0.44230769218750005 0.2090517234375 0.5012019234375 0.2543103453125 0.50360576875 0.299568965625 0.49759615312500005 0.3038793109375 0.4927884609375
0 0.3060344828125 0.43990384687499995 0.28232758593749996 0.384615384375 0.273706896875 0.3798076921875 0.2586206890625 0.384615384375 0.2564655171875 0.4134615390625 0.284482759375 0.47115384687499995 0.3340517234375 0.4699519234375 0.3060344828125 0.43990384687499995
0 0.20258620624999998 0.4543269234375 0.2090517234375 0.43509615312500005 0.1875 0.388221153125 0.1788793109375 0.3762019234375 0.16163793125 0.3798076921875 0.159482759375 0.4074519234375 0.1788793109375 0.4459134609375 0.185344828125 0.4543269234375 0.20258620624999998 0.4543269234375
0 0.043103448437500004 0.443509615625 0.0043103453125 0.377403846875 0 0.3834134609375 0.0193965515625 0.43509615312500005 0.034482759375 0.44951923125000004 0.043103448437500004 0.443509615625
1 0.961206896875 0.609375 0.961206896875 0.615384615625 0.997844828125 0.643028846875 0.997844828125 0.6081730765625 0.961206896875 0.609375
1 0.8340517234375 0.525240384375 0.862068965625 0.5420673078125 0.997844828125 0.540865384375 0.997844828125 0.5228365390625 0.976293103125 0.49639423125000004 0.9461206890625 0.393028846875 0.92241379375 0.388221153125 0.9073275859375001 0.3954326921875 0.8663793109375 0.5108173078125 0.85991379375 0.51923076875 0.836206896875 0.5204326921875 0.8340517234375 0.525240384375
1 0.8685344828125 0.490384615625 0.8836206890625 0.44110576874999996 0.862068965625 0.3762019234375 0.836206896875 0.375 0.82758620625 0.3918269234375 0.814655171875 0.44230769218750005 0.788793103125 0.4855769234375 0.79741379375 0.490384615625 0.8685344828125 0.490384615625
1 0.784482759375 0.4362980765625 0.7586206890625 0.365384615625 0.7435344828125 0.3665865390625 0.726293103125 0.4050480765625 0.7090517234375 0.4543269234375 0.7306034484375 0.45793269218750005 0.7823275859375001 0.4543269234375 0.784482759375 0.4362980765625
1 0.5560344828125 0.3641826921875 0.5409482765625 0.365384615625 0.52586206875 0.412259615625 0.5215517234375 0.431490384375 0.549568965625 0.43509615312500005 0.5797413796875001 0.4302884609375 0.5560344828125 0.3641826921875
1 0.325431034375 0.3677884609375 0.3189655171875 0.3894230765625 0.3125 0.42427884687499995 0.362068965625 0.4230769234375 0.33836206875 0.3641826921875 0.325431034375 0.3677884609375
1 0.15086206875 0.3677884609375 0.14008620624999998 0.368990384375 0.1336206890625 0.388221153125 0.1314655171875 0.40264423125000004 0.15517241406249999 0.4050480765625 0.159482759375 0.3822115390625 0.15086206875 0.3677884609375