0 0.1465517234375 0.552884615625 0.10991379375000002 0.55048076875 0.038793103125 0.4146634609375 0.0043103453125 0.4146634609375 0 0.5829326921875 0.1142241375 0.5793269234375 0.1443965515625 0.560096153125 0.1465517234375 0.552884615625
0 0.10775862031250001 0.513221153125 0.2327586203125 0.509615384375 0.24137931093749998 0.5012019234375 0.22198275937499998 0.4927884609375 0.1767241375 0.396634615625 0.15732758593750001 0.388221153125 0.148706896875 0.400240384375 0.12931034531250002 0.48677884687499995 0.1206896546875 0.5012019234375 0.1034482765625 0.509615384375 0.10775862031250001 0.513221153125
0 0.28232758593749996 0.46875 0.26508620625 0.45793269218750005 0.2327586203125 0.3822115390625 0.211206896875 0.3798076921875 0.2047413796875 0.393028846875 0.20043103437499998 0.4447115390625 0.21551724062500002 0.4771634609375 0.27586206875 0.4759615390625 0.28232758593749996 0.46875
0 0.28017241406250004 0.453125 0.284482759375 0.44831730781249995 0.2543103453125 0.381009615625 0.247844828125 0.372596153125 0.2327586203125 0.3737980765625 0.23491379375000002 0.39423076875 0.2586206890625 0.443509615625 0.26508620625 0.453125 0.28017241406250004 0.453125
0 0.1443965515625 0.3677884609375 0.1314655171875 0.37139423125 0.122844828125 0.4146634609375 0.1206896546875 0.4362980765625 0.14008620624999998 0.44110576874999996 0.15517241406249999 0.388221153125 0.1443965515625 0.3677884609375
1 0.8297413796875001 0.55048076875 0.8706896546875 0.57451923125 0.997844828125 0.572115384375 0.997844828125 0.5168269234375 0.9655172406249999 0.4074519234375 0.950431034375 0.3990384609375 0.9310344828125 0.3990384609375 0.92241379375 0.40384615312500005 0.8685344828125 0.540865384375 0.8577586203124999 0.5456730765625 0.8297413796875001 0.546875 0.8297413796875001 0.55048076875
1 0.8706896546875 0.5 0.872844828125 0.49519230781249995 0.8534482765625 0.48197115312500005 0.825431034375 0.3858173078125 0.814655171875 0.3798076921875 0.8017241374999999 0.3798076921875 0.7909482765625 0.3918269234375 0.7607758625 0.48197115312500005 0.7392241375 0.493990384375 0.7521551718749999 0.502403846875 0.8706896546875 0.5
1 0.8297413796875001 0.55048076875 0.8706896546875 0.57451923125 0.997844828125 0.572115384375 0.997844828125 0.518028846875 0.9655172406249999 0.4074519234375 0.950431034375 0.3990384609375 0.92241379375 0.40264423125000004 0.8685344828125 0.540865384375 0.8577586203124999 0.5456730765625 0.8297413796875001 0.546875 0.8297413796875001 0.55048076875
1 0.77586206875 0.42668269218750005 0.7715517234375 0.40625 0.7586206890625 0.3701923078125 0.7392241375 0.368990384375 0.73491379375 0.3737980765625 0.7198275859375001 0.427884615625 0.700431034375 0.46394230781249995 0.7607758625 0.4675480765625 0.77586206875 0.42668269218750005
1 0.6961206890625 0.43509615312500005 0.6788793109375 0.368990384375 0.6702586203124999 0.361778846875 0.6551724140624999 0.3677884609375 0.6336206890625 0.4290865390625 0.6314655171875 0.4387019234375 0.637931034375 0.44110576874999996 0.6788793109375 0.44110576874999996 0.6961206890625 0.43509615312500005
1 0.47413793125000003 0.3605769234375 0.461206896875 0.40264423125000004 0.46336206874999997 0.4230769234375 0.5107758625 0.41947115312500005 0.48491379375 0.3581730765625 0.47413793125000003 0.3605769234375
1 0.29741379375 0.3798076921875 0.28232758593749996 0.356971153125 0.2715517234375 0.3605769234375 0.2693965515625 0.3677884609375 0.262931034375 0.3978365390625 0.2693965515625 0.4146634609375 0.3060344828125 0.4146634609375 0.29741379375 0.3798076921875
1 0.1056034484375 0.3605769234375 0.0948275859375 0.3605769234375 0.08836206875 0.3822115390625 0.0840517234375 0.412259615625 0.11853448281250001 0.41826923125000004 0.125 0.40264423125000004 0.1056034484375 0.3605769234375