1 0.924568965625 0.643028846875 0.997844828125 0.643028846875 0.997844828125 0.427884615625 0.9913793109375 0.431490384375 0.9202586203124999 0.596153846875 0.8685344828125 0.6021634609375 0.9073275859375001 0.63701923125 0.924568965625 0.643028846875
1 0.71336206875 0.48197115312500005 0.7672413796875001 0.4831730765625 0.79741379375 0.49639423125000004 0.7909482765625 0.51201923125 0.76508620625 0.5168269234375 0.77586206875 0.5324519234375 0.9310344828125 0.53485576875 0.935344828125 0.5324519234375 0.9008620687500001 0.5144230765625 0.8685344828125 0.3954326921875 0.8405172406249999 0.393028846875 0.82758620625 0.421875 0.7952586203124999 0.421875 0.778017240625 0.3737980765625 0.7543103453125 0.3762019234375 0.73491379375 0.3665865390625 0.7176724140624999 0.3701923078125 0.6939655171875 0.44110576874999996 0.6810344828125 0.45072115312500005 0.711206896875 0.47235576874999996 0.71336206875 0.48197115312500005
1 0.6702586203124999 0.359375 0.6573275859375001 0.361778846875 0.6422413796875001 0.3954326921875 0.6314655171875 0.431490384375 0.6831896546875 0.43389423125000004 0.6853448281250001 0.40144230781249995 0.6702586203124999 0.359375
1 0.5043103453125 0.35576923125 0.4935344828125 0.3605769234375 0.48491379375 0.381009615625 0.47844827656250005 0.4134615390625 0.5215517234375 0.4134615390625 0.523706896875 0.400240384375 0.5043103453125 0.35576923125
1 0.153017240625 0.35576923125 0.14008620624999998 0.3701923078125 0.137931034375 0.4074519234375 0.1681034484375 0.40625 0.1767241375 0.3918269234375 0.153017240625 0.35576923125
1 0.3038793109375 0.37139423125 0.3038793109375 0.4074519234375 0.33836206875 0.4050480765625 0.3168103453125 0.353365384375 0.3038793109375 0.37139423125
0 0 0.64423076875 0.06034482812500001 0.6105769234375 0.06034482812500001 0.6009615390625 0.0193965515625 0.6009615390625 0 0.5829326921875 0 0.64423076875
0 0.185344828125 0.528846153125 0.1982758625 0.5168269234375 0.1659482765625 0.51201923125 0.1142241375 0.40144230781249995 0.08836206875 0.3978365390625 0.0818965515625 0.40264423125000004 0.06034482812500001 0.513221153125 0.028017240625000002 0.53485576875 0.163793103125 0.5360576921875 0.185344828125 0.528846153125
0 0.21551724062500002 0.381009615625 0.20258620624999998 0.3822115390625 0.1875 0.43269230781249995 0.174568965625 0.4831730765625 0.1875 0.48677884687499995 0.262931034375 0.484375 0.21551724062500002 0.381009615625
0 0.3060344828125 0.45072115312500005 0.288793103125 0.427884615625 0.2672413796875 0.372596153125 0.25 0.375 0.24353448281249998 0.400240384375 0.24137931093749998 0.4290865390625 0.2564655171875 0.4603365390625 0.3017241375 0.45793269218750005 0.3060344828125 0.45072115312500005
0 0.20258620624999998 0.381009615625 0.19181034531250002 0.361778846875 0.1810344828125 0.3641826921875 0.17241379375000002 0.40264423125000004 0.1702586203125 0.4230769234375 0.185344828125 0.427884615625 0.1939655171875 0.4206730765625 0.20258620624999998 0.381009615625
0 0 0.64423076875 0.06034482812500001 0.6105769234375 0.064655171875 0.6021634609375 0.0323275859375 0.599759615625 0 0.58173076875 0 0.64423076875