0 0 0.5480769234375 0.14008620624999998 0.544471153125 0.163793103125 0.525240384375 0.1314655171875 0.51923076875 0.07112068906249999 0.40625 0.0581896546875 0.3954326921875 0.04741379375 0.3954326921875 0.0323275859375 0.4050480765625 0.015086206250000001 0.5228365390625 0 0.5324519234375 0 0.5480769234375
0 0 0.638221153125 0.015086206250000001 0.631009615625 0.002155171875 0.622596153125 0 0.638221153125
0 0.23706896562500002 0.48798076874999996 0.247844828125 0.4831730765625 0.2607758625 0.462740384375 0.2909482765625 0.45673076874999996 0.26508620625 0.427884615625 0.24568965468749998 0.37139423125 0.226293103125 0.368990384375 0.2176724140625 0.38641826875 0.1961206890625 0.393028846875 0.1875 0.37860576875 0.1702586203125 0.377403846875 0.1659482765625 0.384615384375 0.148706896875 0.46875 0.127155171875 0.490384615625 0.1681034484375 0.4927884609375 0.23706896562500002 0.48798076874999996
0 0.1659482765625 0.36298076875 0.15732758593750001 0.359375 0.1465517234375 0.36298076875 0.14008620624999998 0.3954326921875 0.137931034375 0.42548076874999996 0.153017240625 0.4290865390625 0.1702586203125 0.3762019234375 0.1659482765625 0.36298076875
1 0.997844828125 0.61298076875 0.939655171875 0.6141826921875 0.9331896546875 0.6177884609375 0.939655171875 0.6262019234375 0.997844828125 0.662259615625 0.997844828125 0.61298076875
1 0.8125 0.5396634609375 0.82758620625 0.540865384375 0.9741379312499999 0.5396634609375 0.9806034484374999 0.53485576875 0.9482758625000001 0.5204326921875 0.939655171875 0.5108173078125 0.9030172406249999 0.38701923125 0.875 0.3834134609375 0.8642241374999999 0.393028846875 0.8211206890625 0.513221153125 0.788793103125 0.5204326921875 0.7909482765625 0.525240384375 0.8125 0.5396634609375
1 0.825431034375 0.48197115312500005 0.7931034484375 0.3701923078125 0.7801724140624999 0.3665865390625 0.76508620625 0.375 0.73491379375 0.46634615312500005 0.7176724140624999 0.474759615625 0.7284482765625 0.4831730765625 0.825431034375 0.48197115312500005
1 0.14008620624999998 0.4134615390625 0.1443965515625 0.384615384375 0.1206896546875 0.3545673078125 0.10991379375000002 0.356971153125 0.1056034484375 0.3665865390625 0.10129310312499999 0.40384615312500005 0.10991379375000002 0.40985576874999996 0.127155171875 0.40865384687499995 0.14008620624999998 0.4134615390625
1 0.47844827656250005 0.3521634609375 0.4698275859375 0.37139423125 0.461206896875 0.412259615625 0.5107758625 0.41105769218750005 0.48922413750000004 0.3521634609375 0.47844827656250005 0.3521634609375
1 0.3168103453125 0.3990384609375 0.2952586203125 0.3521634609375 0.28232758593749996 0.3545673078125 0.278017240625 0.3641826921875 0.2715517234375 0.393028846875 0.28232758593749996 0.41105769218750005 0.3168103453125 0.4050480765625 0.3168103453125 0.3990384609375
1 0.648706896875 0.3605769234375 0.6336206890625 0.3918269234375 0.6271551718749999 0.427884615625 0.6810344828125 0.427884615625 0.663793103125 0.35576923125 0.648706896875 0.3605769234375
1 0.7413793109375 0.3605769234375 0.721982759375 0.359375 0.7176724140624999 0.365384615625 0.6875 0.45072115312500005 0.7327586203124999 0.453125 0.7543103453125 0.400240384375 0.7413793109375 0.3605769234375