1 0.8663793109375 0.575721153125 0.9008620687500001 0.596153846875 0.997844828125 0.5985576921875 0.997844828125 0.4050480765625 0.9741379312499999 0.4050480765625 0.9698275859375001 0.40865384687499995 0.9030172406249999 0.5576923078125 0.8821831890625 0.5637019234375 0.8577586203124999 0.5637019234375 0.8663793109375 0.575721153125
1 0.7586206890625 0.49759615312500005 0.778017240625 0.5108173078125 0.913793103125 0.5108173078125 0.9181034484374999 0.5084134609375 0.8965517234375 0.49759615312500005 0.8857758625000001 0.4831730765625 0.85991379375 0.3822115390625 0.8556034484374999 0.37860576875 0.8297413796875001 0.381009615625 0.784482759375 0.48798076874999996 0.778017240625 0.4927884609375 0.7586206890625 0.493990384375 0.7586206890625 0.49759615312500005
1 0.788793103125 0.46875 0.79741379375 0.4447115390625 0.773706896875 0.3641826921875 0.7543103453125 0.3665865390625 0.7435344828125 0.3834134609375 0.726293103125 0.43509615312500005 0.7047413796875001 0.459134615625 0.721982759375 0.46634615312500005 0.788793103125 0.46875
1 0.721982759375 0.43990384687499995 0.7413793109375 0.39423076875 0.737068965625 0.3605769234375 0.7306034484375 0.35576923125 0.71336206875 0.3605769234375 0.6918103453125 0.42668269218750005 0.6810344828125 0.4387019234375 0.6982758625 0.44110576874999996 0.721982759375 0.43990384687499995
1 0.6702586203124999 0.3509615390625 0.6551724140624999 0.3521634609375 0.6465517234375 0.368990384375 0.6271551718749999 0.41706730781249995 0.6810344828125 0.4206730765625 0.6853448281250001 0.4134615390625 0.6702586203124999 0.3509615390625
1 0.523706896875 0.39423076875 0.5107758625 0.3509615390625 0.5021551718749999 0.3449519234375 0.4935344828125 0.3485576921875 0.47413793125000003 0.400240384375 0.48922413750000004 0.4050480765625 0.5172413796875001 0.40384615312500005 0.523706896875 0.39423076875
1 0.325431034375 0.3449519234375 0.31465517187500003 0.34375 0.3081896546875 0.3521634609375 0.3125 0.393028846875 0.33836206875 0.3954326921875 0.34267241406250004 0.3894230765625 0.325431034375 0.3449519234375
0 0.122844828125 0.560096153125 0.0732758625 0.5552884609375 0.023706896875 0.4362980765625 0.002155171875 0.40384615312500005 0 0.59375 0.06681034531249999 0.59375 0.0948275859375 0.584134615625 0.122844828125 0.560096153125
0 0.2047413796875 0.506009615625 0.22413793124999998 0.4915865390625 0.20043103437499998 0.48677884687499995 0.153017240625 0.3798076921875 0.12931034531250002 0.377403846875 0.122844828125 0.384615384375 0.10129310312499999 0.484375 0.07758620625 0.4987980765625 0.075431034375 0.506009615625 0.2047413796875 0.506009615625
0 0.2909482765625 0.462740384375 0.2672413796875 0.4302884609375 0.24353448281249998 0.3677884609375 0.22413793124999998 0.365384615625 0.2198275859375 0.372596153125 0.2047413796875 0.443509615625 0.19181034531250002 0.462740384375 0.21551724062500002 0.46634615312500005 0.2909482765625 0.462740384375
0 0.31034482812499997 0.44230769218750005 0.3211206890625 0.4387019234375 0.3038793109375 0.41826923125000004 0.28232758593749996 0.3605769234375 0.2693965515625 0.359375 0.262931034375 0.368990384375 0.2586206890625 0.40264423125000004 0.2693965515625 0.43269230781249995 0.28017241406250004 0.4447115390625 0.31034482812499997 0.44230769218750005
0 0.2047413796875 0.349759615625 0.19181034531250002 0.3521634609375 0.1810344828125 0.393028846875 0.1810344828125 0.41105769218750005 0.2090517234375 0.4134615390625 0.2176724140625 0.3762019234375 0.2047413796875 0.349759615625