1 0.9698275859375001 0.599759615625 0.9935344828125 0.60576923125 0.997844828125 0.525240384375 0.987068965625 0.5576923078125 0.9676724140624999 0.5697115390625 0.935344828125 0.5709134609375 0.9698275859375001 0.599759615625
1 0.8297413796875001 0.5084134609375 0.8469827593750001 0.5168269234375 0.8663793109375 0.518028846875 0.9806034484374999 0.5168269234375 0.9892241374999999 0.513221153125 0.9655172406249999 0.5012019234375 0.9547413796875001 0.48076923125000004 0.9267241374999999 0.384615384375 0.9073275859375001 0.37860576875 0.8922413796875001 0.3894230765625 0.8534482765625 0.4915865390625 0.8448275859375001 0.5012019234375 0.8297413796875001 0.5012019234375 0.8297413796875001 0.5084134609375
1 0.8663793109375 0.4519230765625 0.8685344828125 0.42548076874999996 0.8469827593750001 0.368990384375 0.8297413796875001 0.3701923078125 0.8168103453125 0.3918269234375 0.799568965625 0.4519230765625 0.7823275859375001 0.47235576874999996 0.8534482765625 0.4759615390625 0.8663793109375 0.4519230765625
1 0.778017240625 0.43509615312500005 0.7586206890625 0.36298076875 0.7413793109375 0.36298076875 0.7327586203124999 0.3762019234375 0.7047413796875001 0.443509615625 0.7090517234375 0.447115384375 0.773706896875 0.447115384375 0.778017240625 0.43509615312500005
1 0.5797413796875001 0.41826923125000004 0.5581896546875 0.3605769234375 0.5452586203124999 0.3605769234375 0.5323275859375001 0.3954326921875 0.52586206875 0.42427884687499995 0.534482759375 0.427884615625 0.575431034375 0.42548076874999996 0.5797413796875001 0.41826923125000004
1 0.34482758593749996 0.359375 0.336206896875 0.361778846875 0.32758620625 0.3858173078125 0.32758620625 0.41947115312500005 0.3663793109375 0.41826923125000004 0.3706896546875 0.40985576874999996 0.34482758593749996 0.359375
1 0.1659482765625 0.36298076875 0.15517241406249999 0.365384615625 0.15086206875 0.375 0.1443965515625 0.4146634609375 0.17241379375000002 0.41947115312500005 0.1810344828125 0.3954326921875 0.1659482765625 0.36298076875
0 0 0.603365384375 0.125 0.6009615390625 0.1702586203125 0.5709134609375 0.125 0.5637019234375 0.049568965625 0.41706730781249995 0.0172413796875 0.4146634609375 0.0064655171875 0.42427884687499995 0 0.44831730781249995 0 0.603365384375
0 0.26508620625 0.521634615625 0.278017240625 0.5168269234375 0.278017240625 0.509615384375 0.2693965515625 0.5072115390625 0.25 0.478365384375 0.2090517234375 0.37860576875 0.20043103437499998 0.3701923078125 0.1875 0.375 0.1659482765625 0.490384615625 0.15517241406249999 0.51201923125 0.1336206890625 0.5228365390625 0.26508620625 0.521634615625
0 0.32758620625 0.474759615625 0.31465517187500003 0.46514423125000004 0.278017240625 0.381009615625 0.2564655171875 0.3834134609375 0.25 0.4134615390625 0.24568965468749998 0.462740384375 0.2586206890625 0.48677884687499995 0.3232758625 0.4831730765625 0.32758620625 0.474759615625
0 0.3060344828125 0.375 0.28663793125 0.375 0.284482759375 0.390625 0.31465517187500003 0.459134615625 0.34482758593749996 0.45793269218750005 0.3060344828125 0.375