1 0.9590517234375 0.580528846875 0.9568965515625001 0.5853365390625 0.997844828125 0.6141826921875 0.997844828125 0.580528846875 0.9590517234375 0.580528846875
1 0.8642241374999999 0.525240384375 0.997844828125 0.525240384375 0.997844828125 0.5144230765625 0.9784482765625 0.49519230781249995 0.950431034375 0.3918269234375 0.9439655171875 0.3834134609375 0.924568965625 0.3822115390625 0.9116379312499999 0.39423076875 0.8706896546875 0.50360576875 0.8448275859375001 0.5084134609375 0.8448275859375001 0.513221153125 0.8642241374999999 0.525240384375
1 0.89008620625 0.43509615312500005 0.8706896546875 0.375 0.8469827593750001 0.3737980765625 0.836206896875 0.390625 0.814655171875 0.4615384609375 0.799568965625 0.4771634609375 0.875 0.48197115312500005 0.89008620625 0.43509615312500005
1 0.7715517234375 0.365384615625 0.7564655171875 0.3665865390625 0.7456896546875 0.38701923125 0.7198275859375001 0.447115384375 0.7327586203124999 0.4519230765625 0.7931034484375 0.45072115312500005 0.7715517234375 0.365384615625
1 0.5948275859375001 0.4230769234375 0.5732758625 0.36298076875 0.5581896546875 0.3641826921875 0.5517241375 0.377403846875 0.53663793125 0.427884615625 0.5452586203124999 0.431490384375 0.58836206875 0.4290865390625 0.5948275859375001 0.4230769234375
1 0.35991379375 0.361778846875 0.346982759375 0.365384615625 0.340517240625 0.3858173078125 0.336206896875 0.4206730765625 0.3793103453125 0.4206730765625 0.3836206890625 0.415865384375 0.35991379375 0.361778846875
1 0.189655171875 0.38701923125 0.1788793109375 0.365384615625 0.1659482765625 0.3701923078125 0.15732758593750001 0.40384615312500005 0.15517241406249999 0.41826923125000004 0.17241379375000002 0.42427884687499995 0.1810344828125 0.421875 0.189655171875 0.38701923125
0 0 0.615384615625 0.122844828125 0.611778846875 0.16163793125 0.59014423125 0.1702586203125 0.5793269234375 0.122844828125 0.57451923125 0.0452586203125 0.42427884687499995 0.0064655171875 0.4230769234375 0 0.42668269218750005 0 0.615384615625
0 0.2909482765625 0.515625 0.262931034375 0.49759615312500005 0.21551724062500002 0.377403846875 0.2068965515625 0.3737980765625 0.1961206890625 0.381009615625 0.1702586203125 0.493990384375 0.14008620624999998 0.528846153125 0.2693965515625 0.528846153125 0.2909482765625 0.515625
0 0.34267241406250004 0.47956730781249995 0.3232758625 0.4675480765625 0.28663793125 0.384615384375 0.26508620625 0.3858173078125 0.2564655171875 0.41947115312500005 0.25215517187500003 0.46875 0.262931034375 0.490384615625 0.336206896875 0.48798076874999996 0.34267241406250004 0.47956730781249995
0 0.340517240625 0.46394230781249995 0.351293103125 0.4615384609375 0.3189655171875 0.384615384375 0.3125 0.3762019234375 0.2952586203125 0.3798076921875 0.2952586203125 0.40264423125000004 0.3211206890625 0.459134615625 0.325431034375 0.46394230781249995 0.340517240625 0.46394230781249995