1 0.9547413796875001 0.6262019234375 0.9547413796875001 0.6334134609375 0.997844828125 0.65985576875 0.997844828125 0.6237980765625 0.9547413796875001 0.6262019234375
1 0.987068965625 0.544471153125 0.9913793109375 0.540865384375 0.9482758625000001 0.5144230765625 0.9159482765625 0.3918269234375 0.9051724140624999 0.384615384375 0.8836206890625 0.384615384375 0.875 0.390625 0.8297413796875001 0.5144230765625 0.7952586203124999 0.52764423125 0.8297413796875001 0.546875 0.987068965625 0.544471153125
1 0.825431034375 0.4831730765625 0.79741379375 0.377403846875 0.788793103125 0.3677884609375 0.7672413796875001 0.375 0.73491379375 0.4699519234375 0.7176724140624999 0.4771634609375 0.7284482765625 0.4855769234375 0.825431034375 0.4831730765625
1 0.6831896546875 0.4206730765625 0.66163793125 0.3545673078125 0.648706896875 0.3545673078125 0.6422413796875001 0.3641826921875 0.6185344828125 0.4290865390625 0.6767241375 0.431490384375 0.6831896546875 0.4302884609375 0.6831896546875 0.4206730765625
1 0.7543103453125 0.4074519234375 0.7413793109375 0.36298076875 0.73491379375 0.359375 0.7176724140624999 0.36298076875 0.6853448281250001 0.45072115312500005 0.6896551718749999 0.4543269234375 0.73491379375 0.45552884687499995 0.7543103453125 0.4074519234375
1 0.48491379375 0.3521634609375 0.471982759375 0.3521634609375 0.465517240625 0.365384615625 0.4568965515625 0.4134615390625 0.497844828125 0.4134615390625 0.5043103453125 0.40625 0.48491379375 0.3521634609375
1 0.31034482812499997 0.40264423125000004 0.288793103125 0.353365384375 0.278017240625 0.3521634609375 0.2715517234375 0.361778846875 0.2693965515625 0.40384615312500005 0.273706896875 0.40865384687499995 0.3038793109375 0.4074519234375 0.31034482812499997 0.40264423125000004
1 0.12931034531250002 0.3918269234375 0.10991379375000002 0.3545673078125 0.09913793125 0.356971153125 0.0948275859375 0.368990384375 0.090517240625 0.4050480765625 0.096982759375 0.40985576874999996 0.125 0.40865384687499995 0.12931034531250002 0.3918269234375
0 0.15732758593750001 0.528846153125 0.1314655171875 0.528846153125 0.11853448281250001 0.521634615625 0.0689655171875 0.4206730765625 0.04741379375 0.396634615625 0.0215517234375 0.3990384609375 0.0043103453125 0.493990384375 0.0043103453125 0.5552884609375 0.127155171875 0.5516826921875 0.15732758593750001 0.5324519234375 0.15732758593750001 0.528846153125
0 0.24353448281249998 0.4831730765625 0.22413793124999998 0.474759615625 0.1810344828125 0.3834134609375 0.16163793125 0.377403846875 0.15517241406249999 0.3822115390625 0.137931034375 0.47355769218750005 0.1142241375 0.493990384375 0.2306034484375 0.493990384375 0.24353448281249998 0.4831730765625
0 0.28017241406250004 0.45673076874999996 0.25 0.41947115312500005 0.2327586203125 0.37139423125 0.2198275859375 0.3701923078125 0.211206896875 0.3762019234375 0.2047413796875 0.427884615625 0.22198275937499998 0.46394230781249995 0.27586206875 0.462740384375 0.28017241406250004 0.45673076874999996
0 0.28663793125 0.4387019234375 0.2564655171875 0.372596153125 0.25 0.3641826921875 0.23491379375000002 0.365384615625 0.2607758625 0.43389423125000004 0.2672413796875 0.44230769218750005 0.278017240625 0.443509615625 0.28663793125 0.4387019234375
0 0.15086206875 0.3605769234375 0.1357758625 0.365384615625 0.12931034531250002 0.3990384609375 0.127155171875 0.42668269218750005 0.1443965515625 0.4302884609375 0.15732758593750001 0.377403846875 0.15086206875 0.3605769234375