1 0.8405172406249999 0.5625 0.9956896546875 0.5637019234375 0.9827586203124999 0.5612980765625 0.9633620687500001 0.5384615390625 0.9331896546875 0.40865384687499995 0.9073275859375001 0.4074519234375 0.9051724140624999 0.41947115312500005 0.8943965515625001 0.4230769234375 0.8448275859375001 0.5360576921875 0.8125 0.5396634609375 0.8125 0.544471153125 0.8405172406249999 0.5625
1 0.7543103453125 0.4987980765625 0.8534482765625 0.5 0.8577586203124999 0.48798076874999996 0.8469827593750001 0.4699519234375 0.8297413796875001 0.390625 0.8125 0.38701923125 0.799568965625 0.393028846875 0.76508620625 0.478365384375 0.7478448281250001 0.4855769234375 0.7478448281250001 0.49519230781249995 0.7543103453125 0.4987980765625
1 0.7801724140624999 0.4375 0.7693965515625 0.3858173078125 0.762931034375 0.372596153125 0.7435344828125 0.372596153125 0.7392241375 0.377403846875 0.72413793125 0.427884615625 0.7047413796875001 0.459134615625 0.76508620625 0.46514423125000004 0.7801724140624999 0.4375
1 0.737068965625 0.388221153125 0.7327586203124999 0.365384615625 0.7176724140624999 0.3641826921875 0.71336206875 0.3701923078125 0.6853448281250001 0.4387019234375 0.6961206890625 0.44110576874999996 0.715517240625 0.44110576874999996 0.737068965625 0.388221153125
1 0.674568965625 0.356971153125 0.66163793125 0.361778846875 0.65086206875 0.384615384375 0.637931034375 0.41947115312500005 0.6853448281250001 0.421875 0.6896551718749999 0.40865384687499995 0.674568965625 0.356971153125
1 0.51508620625 0.35576923125 0.5021551718749999 0.390625 0.5021551718749999 0.4050480765625 0.5431034484375 0.40384615312500005 0.52586206875 0.3521634609375 0.51508620625 0.35576923125
1 0.37284482812499997 0.3954326921875 0.37284482812499997 0.388221153125 0.35991379375 0.3509615390625 0.34913793125 0.3485576921875 0.34482758593749996 0.3521634609375 0.346982759375 0.390625 0.3534482765625 0.3978365390625 0.3642241375 0.3978365390625 0.37284482812499997 0.3954326921875
1 0.2176724140625 0.381009615625 0.20258620624999998 0.34735576875 0.189655171875 0.361778846875 0.18318965468749998 0.388221153125 0.1961206890625 0.39423076875 0.20258620624999998 0.3834134609375 0.2176724140625 0.381009615625
0 0.0172413796875 0.5552884609375 0.17241379375000002 0.556490384375 0.20043103437499998 0.54326923125 0.2068965515625 0.5324519234375 0.1681034484375 0.51923076875 0.122844828125 0.4050480765625 0.0948275859375 0.40384615312500005 0.08836206875 0.40865384687499995 0.06034482812500001 0.521634615625 0.043103448437500004 0.5396634609375 0.0193965515625 0.5480769234375 0.0172413796875 0.5552884609375
0 0.2607758625 0.4927884609375 0.27586206875 0.484375 0.2586206890625 0.4759615390625 0.22198275937499998 0.384615384375 0.2047413796875 0.3822115390625 0.1939655171875 0.3978365390625 0.1788793109375 0.46514423125000004 0.163793103125 0.490384615625 0.1875 0.493990384375 0.2607758625 0.4927884609375
0 0.273706896875 0.3762019234375 0.2586206890625 0.4302884609375 0.2564655171875 0.459134615625 0.32758620625 0.45793269218750005 0.288793103125 0.37139423125 0.273706896875 0.3762019234375
0 0.34913793125 0.43990384687499995 0.3556034484375 0.41706730781249995 0.336206896875 0.361778846875 0.3232758625 0.3605769234375 0.3060344828125 0.372596153125 0.3038793109375 0.3918269234375 0.3189655171875 0.43509615312500005 0.32758620625 0.44110576874999996 0.34913793125 0.43990384687499995
0 0.247844828125 0.3545673078125 0.23706896562500002 0.356971153125 0.2327586203125 0.3677884609375 0.23491379375000002 0.40985576874999996 0.262931034375 0.4134615390625 0.26508620625 0.393028846875 0.247844828125 0.3545673078125