0 0.127155171875 0.606971153125 0.0732758625 0.6021634609375 0.002155171875 0.46634615312500005 0 0.6478365390625 0.056034482812499994 0.646634615625 0.0833340515625 0.63862139375 0.127155171875 0.606971153125
0 0.25 0.546875 0.262931034375 0.533653846875 0.24137931093749998 0.51923076875 0.189655171875 0.41105769218750005 0.17241379375000002 0.4074519234375 0.159482759375 0.4134615390625 0.14008620624999998 0.51923076875 0.12931034531250002 0.537259615625 0.1056034484375 0.5480769234375 0.25 0.546875
0 0.325431034375 0.49759615312500005 0.32758620625 0.4927884609375 0.31465517187500003 0.48918269218750005 0.3081896546875 0.47956730781249995 0.2672413796875 0.39423076875 0.247844828125 0.396634615625 0.23491379375000002 0.46634615312500005 0.2327586203125 0.49519230781249995 0.24137931093749998 0.506009615625 0.3038793109375 0.50360576875 0.325431034375 0.49759615312500005
0 0.3340517234375 0.45552884687499995 0.3060344828125 0.388221153125 0.28663793125 0.384615384375 0.28232758593749996 0.3918269234375 0.284482759375 0.4230769234375 0.3081896546875 0.47235576874999996 0.351293103125 0.47115384687499995 0.3340517234375 0.45552884687499995
0 0.2306034484375 0.45793269218750005 0.23491379375000002 0.44230769218750005 0.2090517234375 0.384615384375 0.20258620624999998 0.3798076921875 0.189655171875 0.381009615625 0.1875 0.40625 0.2068965515625 0.447115384375 0.21551724062500002 0.45793269218750005 0.2306034484375 0.45793269218750005
0 0.064655171875 0.45072115312500005 0.07112068906249999 0.447115384375 0.043103448437500004 0.393028846875 0.038793103125 0.388221153125 0.04741379375 0.43389423125000004 0.056034482812499994 0.44951923125000004 0.064655171875 0.45072115312500005
1 0.997844828125 0.6454326921875 0.997844828125 0.6081730765625 0.9590517234375 0.609375 0.997844828125 0.6454326921875
1 0.8642241374999999 0.544471153125 0.997844828125 0.544471153125 0.950431034375 0.400240384375 0.9418103453125 0.3954326921875 0.924568965625 0.3954326921875 0.913793103125 0.40625 0.8706896546875 0.51923076875 0.8448275859375001 0.5228365390625 0.8426724140624999 0.528846153125 0.8642241374999999 0.544471153125
1 0.79741379375 0.4603365390625 0.8060344828125 0.4543269234375 0.778017240625 0.3737980765625 0.762931034375 0.37139423125 0.7543103453125 0.3762019234375 0.7306034484375 0.443509615625 0.715517240625 0.4543269234375 0.7306034484375 0.4603365390625 0.79741379375 0.4603365390625
1 0.8706896546875 0.49519230781249995 0.8836206890625 0.4831730765625 0.8922413796875001 0.44230769218750005 0.875 0.3858173078125 0.8663793109375 0.3798076921875 0.8448275859375001 0.384615384375 0.814655171875 0.4759615390625 0.79741379375 0.48798076874999996 0.810344828125 0.493990384375 0.8706896546875 0.49519230781249995
1 0.5711206890625 0.3677884609375 0.5581896546875 0.368990384375 0.5431034484375 0.4146634609375 0.538793103125 0.431490384375 0.5452586203124999 0.4362980765625 0.5948275859375001 0.43269230781249995 0.5711206890625 0.3677884609375
1 0.34482758593749996 0.3701923078125 0.336206896875 0.40264423125000004 0.336206896875 0.427884615625 0.3836206890625 0.42427884687499995 0.35991379375 0.3677884609375 0.34482758593749996 0.3701923078125
1 0.185344828125 0.390625 0.17241379375000002 0.3701923078125 0.159482759375 0.3822115390625 0.15732758593750001 0.42427884687499995 0.174568965625 0.40865384687499995 0.185344828125 0.40625 0.185344828125 0.390625