1 0.8448275859375001 0.57451923125 0.997844828125 0.575721153125 0.997844828125 0.5637019234375 0.9806034484374999 0.5612980765625 0.9698275859375001 0.55048076875 0.9375 0.4146634609375 0.92241379375 0.4074519234375 0.9073275859375001 0.41105769218750005 0.898706896875 0.4230769234375 0.8469827593750001 0.540865384375 0.810344828125 0.5480769234375 0.8125 0.5552884609375 0.8448275859375001 0.57451923125
1 0.8556034484374999 0.506009615625 0.825431034375 0.393028846875 0.79741379375 0.3918269234375 0.7564655171875 0.48798076874999996 0.73491379375 0.493990384375 0.75 0.5048076921875 0.8556034484374999 0.506009615625
1 0.7564655171875 0.47115384687499995 0.773706896875 0.44110576874999996 0.7586206890625 0.3798076921875 0.7543103453125 0.3737980765625 0.7284482765625 0.3798076921875 0.7068965515625 0.44831730781249995 0.6918103453125 0.4615384609375 0.700431034375 0.46634615312500005 0.7564655171875 0.47115384687499995
1 0.7090517234375 0.43990384687499995 0.726293103125 0.3954326921875 0.721982759375 0.3677884609375 0.7068965515625 0.3665865390625 0.70258620625 0.37139423125 0.6788793109375 0.43509615312500005 0.6702586203124999 0.4387019234375 0.6961206890625 0.4447115390625 0.7090517234375 0.43990384687499995
1 0.663793103125 0.359375 0.648706896875 0.361778846875 0.6357758625 0.3894230765625 0.625 0.4230769234375 0.67241379375 0.42548076874999996 0.6788793109375 0.41947115312500005 0.663793103125 0.359375
1 0.512931034375 0.353365384375 0.5021551718749999 0.3545673078125 0.4935344828125 0.37139423125 0.48491379375 0.40625 0.5193965515625 0.4074519234375 0.528017240625 0.400240384375 0.512931034375 0.353365384375
1 0.3556034484375 0.3918269234375 0.340517240625 0.349759615625 0.32758620625 0.3521634609375 0.3232758625 0.375 0.3318965515625 0.3990384609375 0.34913793125 0.3990384609375 0.3556034484375 0.3918269234375
0 0 0.56610576875 0.148706896875 0.56610576875 0.185344828125 0.5420673078125 0.15086206875 0.5396634609375 0.1443965515625 0.53485576875 0.0948275859375 0.40865384687499995 0.0625 0.40865384687499995 0.056034482812499994 0.4206730765625 0.028017240625000002 0.533653846875 0 0.5516826921875 0 0.56610576875
0 0.2586206890625 0.48918269218750005 0.2327586203125 0.46875 0.20043103437499998 0.3858173078125 0.1810344828125 0.3834134609375 0.17241379375000002 0.39423076875 0.153017240625 0.4771634609375 0.14008620624999998 0.49519230781249995 0.24568965468749998 0.49759615312500005 0.2586206890625 0.48918269218750005
0 0.2543103453125 0.375 0.23706896562500002 0.43509615312500005 0.23491379375000002 0.46394230781249995 0.31034482812499997 0.4615384609375 0.2715517234375 0.372596153125 0.2543103453125 0.375
0 0.3038793109375 0.3641826921875 0.2909482765625 0.3677884609375 0.28663793125 0.3798076921875 0.28663793125 0.4050480765625 0.3017241375 0.4447115390625 0.3318965515625 0.44230769218750005 0.3038793109375 0.3641826921875
0 0.2392241375 0.415865384375 0.24353448281249998 0.390625 0.2306034484375 0.35576923125 0.2176724140625 0.35576923125 0.211206896875 0.372596153125 0.2068965515625 0.396634615625 0.21336206875000002 0.41105769218750005 0.2198275859375 0.415865384375 0.2392241375 0.415865384375