1 0.9655172406249999 0.60576923125 0.9676724140624999 0.615384615625 0.997844828125 0.63701923125 0.997844828125 0.60576923125 0.9655172406249999 0.60576923125
1 0.8448275859375001 0.533653846875 0.8577586203124999 0.537259615625 0.997844828125 0.53485576875 0.997844828125 0.51923076875 0.9827586203124999 0.51201923125 0.976293103125 0.49759615312500005 0.9418103453125 0.384615384375 0.924568965625 0.3798076921875 0.9073275859375001 0.3822115390625 0.862068965625 0.506009615625 0.851293103125 0.5144230765625 0.82758620625 0.518028846875 0.8448275859375001 0.533653846875
1 0.7952586203124999 0.48677884687499995 0.8642241374999999 0.4855769234375 0.8793103453125 0.4387019234375 0.8556034484374999 0.3701923078125 0.8318965515625001 0.3677884609375 0.8189655171875 0.384615384375 0.8017241374999999 0.45072115312500005 0.7931034484375 0.4699519234375 0.778017240625 0.478365384375 0.7952586203124999 0.48677884687499995
1 0.77586206875 0.45072115312500005 0.75 0.3605769234375 0.7327586203124999 0.361778846875 0.715517240625 0.400240384375 0.7090517234375 0.4302884609375 0.6961206890625 0.447115384375 0.7068965515625 0.4519230765625 0.77586206875 0.45072115312500005
1 0.5625 0.40384615312500005 0.54741379375 0.36298076875 0.538793103125 0.3581730765625 0.528017240625 0.3605769234375 0.5193965515625 0.3858173078125 0.5107758625 0.42668269218750005 0.5193965515625 0.431490384375 0.5625 0.427884615625 0.5625 0.40384615312500005
1 0.34482758593749996 0.40384615312500005 0.3211206890625 0.359375 0.31034482812499997 0.361778846875 0.3017241375 0.3954326921875 0.299568965625 0.41947115312500005 0.3125 0.4230769234375 0.34482758593749996 0.4206730765625 0.34482758593749996 0.40384615312500005
1 0.1206896546875 0.365384615625 0.11637931093750001 0.3762019234375 0.1142241375 0.3978365390625 0.14008620624999998 0.400240384375 0.1357758625 0.3641826921875 0.1206896546875 0.365384615625
0 0 0.6550480765625 0.06034482812500001 0.622596153125 0.0689655171875 0.6105769234375 0.0086206890625 0.6045673078125 0 0.59014423125 0 0.6550480765625
0 0.2306034484375 0.52764423125 0.2047413796875 0.5264423078125 0.20043103437499998 0.521634615625 0.137931034375 0.40144230781249995 0.1142241375 0.3978365390625 0.1056034484375 0.40264423125000004 0.08620689687500001 0.528846153125 0.049568965625 0.5480769234375 0.20258620624999998 0.546875 0.2306034484375 0.52764423125
0 0.22413793124999998 0.384615384375 0.2068965515625 0.3858173078125 0.20258620624999998 0.390625 0.19181034531250002 0.459134615625 0.1939655171875 0.5 0.2586206890625 0.5 0.28663793125 0.493990384375 0.22413793124999998 0.384615384375
0 0.31034482812499997 0.46634615312500005 0.26508620625 0.377403846875 0.24568965468749998 0.3762019234375 0.24137931093749998 0.388221153125 0.2392241375 0.40384615312500005 0.2672413796875 0.46514423125000004 0.2715517234375 0.46875 0.31034482812499997 0.46634615312500005
0 0.1875 0.45072115312500005 0.1939655171875 0.43389423125000004 0.1659482765625 0.377403846875 0.15517241406249999 0.37139423125 0.1443965515625 0.375 0.1422413796875 0.40384615312500005 0.163793103125 0.44831730781249995 0.1681034484375 0.4519230765625 0.1875 0.45072115312500005
0 0.023706896875 0.44230769218750005 0.002155171875 0.400240384375 0 0.4387019234375 0.0086206890625 0.4459134609375 0.0193965515625 0.4459134609375 0.023706896875 0.44230769218750005