1 0.79741379375 0.537259615625 0.7931034484375 0.5420673078125 0.8211206890625 0.5612980765625 0.9741379312499999 0.5625 0.9806034484374999 0.560096153125 0.9482758625000001 0.546875 0.9418103453125 0.5360576921875 0.9116379312499999 0.412259615625 0.898706896875 0.40625 0.875 0.4074519234375 0.872844828125 0.4290865390625 0.825431034375 0.533653846875 0.8168103453125 0.5384615390625 0.79741379375 0.537259615625
1 0.836206896875 0.4987980765625 0.8405172406249999 0.48798076874999996 0.8168103453125 0.3954326921875 0.8081896546875 0.38701923125 0.784482759375 0.393028846875 0.7521551718749999 0.4759615390625 0.7306034484375 0.48918269218750005 0.7413793109375 0.4987980765625 0.836206896875 0.4987980765625
1 0.7586206890625 0.459134615625 0.7672413796875001 0.4230769234375 0.7543103453125 0.372596153125 0.737068965625 0.372596153125 0.7306034484375 0.377403846875 0.7090517234375 0.4387019234375 0.6918103453125 0.45793269218750005 0.75 0.46514423125000004 0.7586206890625 0.459134615625
1 0.72413793125 0.3677884609375 0.711206896875 0.3641826921875 0.7047413796875001 0.368990384375 0.6788793109375 0.43990384687499995 0.7068965515625 0.4387019234375 0.72413793125 0.396634615625 0.72413793125 0.3677884609375
1 0.6551724140624999 0.3605769234375 0.6443965515625 0.384615384375 0.6314655171875 0.4206730765625 0.6810344828125 0.4206730765625 0.6681034484375 0.3581730765625 0.6551724140624999 0.3605769234375
1 0.5107758625 0.3545673078125 0.497844828125 0.390625 0.497844828125 0.4050480765625 0.53663793125 0.40384615312500005 0.5215517234375 0.3521634609375 0.5107758625 0.3545673078125
1 0.3642241375 0.3990384609375 0.3706896546875 0.3954326921875 0.3577586203125 0.3545673078125 0.351293103125 0.3485576921875 0.340517240625 0.3545673078125 0.336206896875 0.375 0.34267241406250004 0.393028846875 0.346982759375 0.3990384609375 0.3642241375 0.3990384609375
1 0.20043103437499998 0.3485576921875 0.19181034531250002 0.3509615390625 0.1875 0.361778846875 0.185344828125 0.390625 0.1961206890625 0.384615384375 0.21336206875000002 0.384615384375 0.20043103437499998 0.3485576921875
0 0.16163793125 0.556490384375 0.1875 0.544471153125 0.1982758625 0.5324519234375 0.16163793125 0.52764423125 0.1142241375 0.40865384687499995 0.0797413796875 0.40865384687499995 0.049568965625 0.5300480765625 0.0086206890625 0.5516826921875 0.012931034375 0.5552884609375 0.16163793125 0.556490384375
0 0.2693965515625 0.48197115312500005 0.247844828125 0.4675480765625 0.2068965515625 0.3737980765625 0.189655171875 0.3894230765625 0.17241379375000002 0.46634615312500005 0.15517241406249999 0.490384615625 0.2543103453125 0.4927884609375 0.2693965515625 0.48197115312500005
0 0.2672413796875 0.3762019234375 0.2543103453125 0.4230769234375 0.25 0.4603365390625 0.3232758625 0.45793269218750005 0.284482759375 0.372596153125 0.2672413796875 0.3762019234375
0 0.34482758593749996 0.43990384687499995 0.3168103453125 0.365384615625 0.3038793109375 0.3677884609375 0.299568965625 0.3798076921875 0.29741379375 0.400240384375 0.31034482812499997 0.4362980765625 0.3189655171875 0.44230769218750005 0.34482758593749996 0.43990384687499995
0 0.2586206890625 0.388221153125 0.24353448281249998 0.35576923125 0.23491379375000002 0.35576923125 0.2284482765625 0.3701923078125 0.226293103125 0.40865384687499995 0.23491379375000002 0.415865384375 0.2543103453125 0.415865384375 0.2586206890625 0.388221153125