1 0.8534482765625 0.584134615625 0.997844828125 0.5853365390625 0.9568965515625001 0.4146634609375 0.92241379375 0.412259615625 0.913793103125 0.421875 0.8556034484374999 0.5516826921875 0.8168103453125 0.5552884609375 0.814655171875 0.560096153125 0.8534482765625 0.584134615625
1 0.8663793109375 0.509615384375 0.8685344828125 0.5048076921875 0.8469827593750001 0.48677884687499995 0.825431034375 0.3918269234375 0.8168103453125 0.38701923125 0.79741379375 0.388221153125 0.7543103453125 0.48918269218750005 0.7327586203124999 0.49759615312500005 0.75 0.5084134609375 0.8663793109375 0.509615384375
1 0.7478448281250001 0.3737980765625 0.7327586203124999 0.372596153125 0.7198275859375001 0.388221153125 0.6853448281250001 0.46394230781249995 0.7586206890625 0.4699519234375 0.7672413796875001 0.4387019234375 0.7478448281250001 0.3737980765625
1 0.7176724140624999 0.38701923125 0.711206896875 0.365384615625 0.6918103453125 0.3665865390625 0.67241379375 0.4206730765625 0.6551724140624999 0.4387019234375 0.6961206890625 0.4447115390625 0.7176724140624999 0.38701923125
1 0.4806034484375 0.3521634609375 0.465517240625 0.3918269234375 0.465517240625 0.40625 0.5064655171875 0.40625 0.4935344828125 0.3509615390625 0.4806034484375 0.3521634609375
0 0.1422413796875 0.55048076875 0.1056034484375 0.5480769234375 0.09913793125 0.54326923125 0.043103448437500004 0.40865384687499995 0.03663793125 0.4050480765625 0.0043103453125 0.4074519234375 0 0.5793269234375 0.09913793125 0.578125 0.11637931093750001 0.572115384375 0.1422413796875 0.55048076875
0 0.2090517234375 0.5012019234375 0.22198275937499998 0.49639423125000004 0.22413793124999998 0.48918269218750005 0.2068965515625 0.484375 0.20043103437499998 0.47355769218750005 0.153017240625 0.3485576921875 0.1422413796875 0.353365384375 0.1142241375 0.478365384375 0.0926724140625 0.49759615312500005 0.125 0.502403846875 0.2090517234375 0.5012019234375
0 0.22413793124999998 0.3701923078125 0.2047413796875 0.4375 0.20258620624999998 0.46394230781249995 0.28232758593749996 0.462740384375 0.2392241375 0.368990384375 0.22413793124999998 0.3701923078125
0 0.3081896546875 0.44230769218750005 0.31034482812499997 0.41826923125000004 0.29741379375 0.3822115390625 0.278017240625 0.3605769234375 0.2672413796875 0.361778846875 0.2586206890625 0.3701923078125 0.2543103453125 0.393028846875 0.273706896875 0.44230769218750005 0.278017240625 0.4459134609375 0.3081896546875 0.44230769218750005
0 0.21336206875000002 0.384615384375 0.1982758625 0.3521634609375 0.185344828125 0.3545673078125 0.1810344828125 0.368990384375 0.1767241375 0.4074519234375 0.185344828125 0.4146634609375 0.2068965515625 0.4146634609375 0.21336206875000002 0.384615384375
1 0.148706896875 0.3449519234375 0.1357758625 0.368990384375 0.1336206890625 0.384615384375 0.1659482765625 0.3822115390625 0.15732758593750001 0.349759615625 0.148706896875 0.3449519234375