1 0.997844828125 0.5540865390625 0.997844828125 0.5396634609375 0.9719827593750001 0.528846153125 0.9633620687500001 0.5144230765625 0.9310344828125 0.39423076875 0.92241379375 0.3894230765625 0.8922413796875001 0.3918269234375 0.8448275859375001 0.518028846875 0.8060344828125 0.533653846875 0.836206896875 0.5552884609375 0.997844828125 0.5540865390625
1 0.836206896875 0.490384615625 0.8469827593750001 0.4855769234375 0.8340517234375 0.474759615625 0.8060344828125 0.3798076921875 0.7931034484375 0.3701923078125 0.7801724140624999 0.372596153125 0.7435344828125 0.47235576874999996 0.721982759375 0.48197115312500005 0.73491379375 0.490384615625 0.836206896875 0.490384615625
1 0.9827586203124999 0.6418269234375 0.9827586203124999 0.6490384609375 0.997844828125 0.6574519234375 0.997844828125 0.6394230765625 0.9827586203124999 0.6418269234375
1 0.7586206890625 0.421875 0.7564655171875 0.3978365390625 0.7435344828125 0.36298076875 0.72413793125 0.36298076875 0.7198275859375001 0.3701923078125 0.6982758625 0.443509615625 0.6875 0.4543269234375 0.7435344828125 0.459134615625 0.7586206890625 0.421875
1 0.5043103453125 0.41105769218750005 0.4806034484375 0.3545673078125 0.4676724140625 0.3581730765625 0.45258620625 0.4050480765625 0.45043103437500004 0.4146634609375 0.46336206874999997 0.41826923125000004 0.4935344828125 0.41706730781249995 0.5043103453125 0.41105769218750005
1 0.127155171875 0.431490384375 0.12931034531250002 0.3834134609375 0.1142241375 0.3737980765625 0.1034482765625 0.35576923125 0.090517240625 0.36298076875 0.08620689687500001 0.3822115390625 0.0818965515625 0.40865384687499995 0.0948275859375 0.4134615390625 0.1206896546875 0.412259615625 0.127155171875 0.431490384375
1 0.28232758593749996 0.3545673078125 0.2693965515625 0.356971153125 0.26508620625 0.3665865390625 0.2586206890625 0.396634615625 0.2715517234375 0.41706730781249995 0.3081896546875 0.4074519234375 0.28232758593749996 0.3545673078125
1 0.66163793125 0.356971153125 0.648706896875 0.359375 0.6465517234375 0.372596153125 0.6271551718749999 0.3954326921875 0.625 0.43269230781249995 0.6788793109375 0.431490384375 0.6767241375 0.396634615625 0.66163793125 0.356971153125
0 0 0.564903846875 0.125 0.560096153125 0.15086206875 0.537259615625 0.11853448281250001 0.5360576921875 0.1142241375 0.53125 0.049568965625 0.4050480765625 0.0172413796875 0.40144230781249995 0.0107758625 0.4134615390625 0 0.46875 0 0.564903846875
0 0.21336206875000002 0.4675480765625 0.1702586203125 0.3822115390625 0.15732758593750001 0.381009615625 0.153017240625 0.38701923125 0.125 0.490384615625 0.122844828125 0.5012019234375 0.21336206875000002 0.5 0.2392241375 0.493990384375 0.21336206875000002 0.4675480765625
0 0.27586206875 0.4615384609375 0.23706896562500002 0.39423076875 0.2327586203125 0.372596153125 0.2090517234375 0.3737980765625 0.2047413796875 0.38701923125 0.20043103437499998 0.43269230781249995 0.2176724140625 0.46875 0.2672413796875 0.4675480765625 0.27586206875 0.4615384609375
0 0.1465517234375 0.36298076875 0.1314655171875 0.365384615625 0.125 0.3990384609375 0.122844828125 0.4302884609375 0.14008620624999998 0.43509615312500005 0.15517241406249999 0.3822115390625 0.1465517234375 0.36298076875
0 0.28232758593749996 0.43990384687499995 0.25215517187500003 0.375 0.24353448281249998 0.365384615625 0.2327586203125 0.3665865390625 0.2392241375 0.400240384375 0.262931034375 0.4447115390625 0.2715517234375 0.447115384375 0.28232758593749996 0.43990384687499995