0 0 0.6322115390625 0.096982759375 0.62860576875 0.1357758625 0.6105769234375 0.15517241406249999 0.5925480765625 0.1034482765625 0.5865384609375 0.0193965515625 0.4302884609375 0 0.4302884609375 0 0.6322115390625
0 0.2693965515625 0.537259615625 0.288793103125 0.5240384609375 0.262931034375 0.515625 0.211206896875 0.40625 0.1939655171875 0.400240384375 0.1788793109375 0.40985576874999996 0.15732758593750001 0.518028846875 0.127155171875 0.537259615625 0.1788793109375 0.540865384375 0.2693965515625 0.537259615625
0 0.340517240625 0.4855769234375 0.3297413796875 0.48197115312500005 0.3168103453125 0.46514423125000004 0.2909482765625 0.40144230781249995 0.278017240625 0.388221153125 0.2607758625 0.3918269234375 0.25 0.447115384375 0.247844828125 0.48197115312500005 0.2607758625 0.4987980765625 0.33836206875 0.4927884609375 0.340517240625 0.4855769234375
0 0.34482758593749996 0.4543269234375 0.31465517187500003 0.3822115390625 0.299568965625 0.3798076921875 0.2931034484375 0.3858173078125 0.2931034484375 0.40625 0.3189655171875 0.46634615312500005 0.3577586203125 0.46634615312500005 0.34482758593749996 0.4543269234375
0 0.24568965468749998 0.46394230781249995 0.24568965468749998 0.443509615625 0.2176724140625 0.381009615625 0.21336206875000002 0.3762019234375 0.1982758625 0.37860576875 0.1961206890625 0.400240384375 0.21551724062500002 0.412259615625 0.2306034484375 0.44951923125000004 0.24568965468749998 0.46394230781249995
1 0.9935344828125 0.59375 0.9655172406249999 0.5949519234375 0.9655172406249999 0.599759615625 0.997844828125 0.625 0.9935344828125 0.59375
1 0.997844828125 0.533653846875 0.997844828125 0.5144230765625 0.9827586203124999 0.48677884687499995 0.9568965515625001 0.396634615625 0.9482758625000001 0.3894230765625 0.92241379375 0.3918269234375 0.8793103453125 0.5072115390625 0.8469827593750001 0.518028846875 0.875 0.53485576875 0.997844828125 0.533653846875
1 0.875 0.3762019234375 0.851293103125 0.3798076921875 0.8125 0.478365384375 0.8125 0.48677884687499995 0.8836206890625 0.48677884687499995 0.8965517234375 0.4375 0.875 0.3762019234375
1 0.7672413796875001 0.3677884609375 0.7586206890625 0.3737980765625 0.7456896546875 0.40384615312500005 0.7284482765625 0.4543269234375 0.799568965625 0.4543269234375 0.7823275859375001 0.368990384375 0.7672413796875001 0.3677884609375
1 0.351293103125 0.3677884609375 0.34482758593749996 0.388221153125 0.33836206875 0.4230769234375 0.3857758625 0.4230769234375 0.3642241375 0.3641826921875 0.351293103125 0.3677884609375
1 0.5711206890625 0.3641826921875 0.5603448281250001 0.3701923078125 0.5452586203124999 0.41947115312500005 0.54741379375 0.43389423125000004 0.596982759375 0.4302884609375 0.5818965515625 0.372596153125 0.5711206890625 0.3641826921875