1 0.7392241375 0.4987980765625 0.7543103453125 0.509615384375 0.872844828125 0.5108173078125 0.8836206890625 0.5144230765625 0.8685344828125 0.5540865390625 0.82758620625 0.55889423125 0.8642241374999999 0.587740384375 0.997844828125 0.5889423078125 0.997844828125 0.5072115390625 0.976293103125 0.40865384687499995 0.9698275859375001 0.4050480765625 0.9375 0.40865384687499995 0.9202586203124999 0.447115384375 0.9094827593750001 0.4543269234375 0.898706896875 0.490384615625 0.872844828125 0.5 0.85991379375 0.490384615625 0.8534482765625 0.47235576874999996 0.8340517234375 0.388221153125 0.814655171875 0.3834134609375 0.8017241374999999 0.393028846875 0.76508620625 0.4855769234375 0.7586206890625 0.4927884609375 0.737068965625 0.493990384375 0.7392241375 0.4987980765625
1 0.77586206875 0.4543269234375 0.773706896875 0.43389423125000004 0.7543103453125 0.3701923078125 0.7392241375 0.368990384375 0.72413793125 0.3858173078125 0.7068965515625 0.44110576874999996 0.6896551718749999 0.462740384375 0.7672413796875001 0.46875 0.77586206875 0.4543269234375
1 0.72413793125 0.384615384375 0.7176724140624999 0.36298076875 0.70258620625 0.3605769234375 0.6961206890625 0.3677884609375 0.6788793109375 0.41947115312500005 0.663793103125 0.43990384687499995 0.700431034375 0.443509615625 0.72413793125 0.384615384375
1 0.3232758625 0.4230769234375 0.3125 0.41947115312500005 0.3125 0.3978365390625 0.3340517234375 0.393028846875 0.3211206890625 0.3545673078125 0.31034482812499997 0.3449519234375 0.2931034484375 0.359375 0.28017241406250004 0.356971153125 0.3017241375 0.3858173078125 0.29741379375 0.4134615390625 0.3060344828125 0.42668269218750005 0.3232758625 0.4230769234375
1 0.4935344828125 0.3485576921875 0.47844827656250005 0.36298076875 0.461206896875 0.40384615312500005 0.476293103125 0.4074519234375 0.512931034375 0.4050480765625 0.4935344828125 0.3485576921875
1 0.1810344828125 0.39423076875 0.15517241406249999 0.3449519234375 0.1465517234375 0.3449519234375 0.137931034375 0.36298076875 0.1336206890625 0.384615384375 0.15732758593750001 0.381009615625 0.1659482765625 0.39423076875 0.1810344828125 0.39423076875
1 0.2068965515625 0.4134615390625 0.21551724062500002 0.384615384375 0.20258620624999998 0.359375 0.1875 0.3798076921875 0.1875 0.4050480765625 0.174568965625 0.4074519234375 0.1810344828125 0.4134615390625 0.2068965515625 0.4134615390625
0 0.211206896875 0.502403846875 0.22413793124999998 0.48918269218750005 0.2090517234375 0.4855769234375 0.1982758625 0.47115384687499995 0.2090517234375 0.46514423125000004 0.2586206890625 0.46514423125000004 0.284482759375 0.4603365390625 0.24353448281249998 0.372596153125 0.226293103125 0.368990384375 0.2090517234375 0.4206730765625 0.1788793109375 0.421875 0.159482759375 0.381009615625 0.1336206890625 0.381009615625 0.10991379375000002 0.478365384375 0.0818965515625 0.5012019234375 0.11206896562499999 0.5048076921875 0.211206896875 0.502403846875
0 0 0.5829326921875 0.08620689687500001 0.5829326921875 0.1142241375 0.572115384375 0.137931034375 0.552884615625 0.0926724140625 0.5480769234375 0.043103448437500004 0.42548076874999996 0.034482759375 0.40865384687499995 0.023706896875 0.4050480765625 0 0.4050480765625 0 0.5829326921875
1 0.6681034484375 0.4146634609375 0.653017240625 0.35576923125 0.6422413796875001 0.356971153125 0.625 0.3858173078125 0.60991379375 0.41947115312500005 0.6228448281250001 0.4230769234375 0.663793103125 0.421875 0.6681034484375 0.4146634609375
0 0.31034482812499997 0.4375 0.27586206875 0.3605769234375 0.262931034375 0.36298076875 0.2586206890625 0.375 0.2564655171875 0.400240384375 0.273706896875 0.443509615625 0.3060344828125 0.44230769218750005 0.31034482812499997 0.4375
0 0.1982758625 0.3509615390625 0.1875 0.353365384375 0.18318965468749998 0.365384615625 0.1767241375 0.40985576874999996 0.2090517234375 0.4134615390625 0.21336206875000002 0.3822115390625 0.1982758625 0.3509615390625