1 0.82758620625 0.560096153125 0.9030172406249999 0.5637019234375 0.9806034484374999 0.5612980765625 0.9827586203124999 0.556490384375 0.9655172406249999 0.5480769234375 0.950431034375 0.52764423125 0.92241379375 0.41105769218750005 0.9116379312499999 0.40625 0.89008620625 0.40985576874999996 0.8340517234375 0.533653846875 0.8017241374999999 0.5384615390625 0.8017241374999999 0.5420673078125 0.82758620625 0.560096153125
1 0.8426724140624999 0.4987980765625 0.8491379312499999 0.48798076874999996 0.8232758625000001 0.3918269234375 0.8060344828125 0.384615384375 0.7909482765625 0.39423076875 0.7564655171875 0.47956730781249995 0.737068965625 0.48918269218750005 0.7478448281250001 0.49759615312500005 0.8426724140624999 0.4987980765625
1 0.76508620625 0.3858173078125 0.7564655171875 0.37139423125 0.7435344828125 0.37139423125 0.73491379375 0.377403846875 0.70258620625 0.459134615625 0.7586206890625 0.46394230781249995 0.773706896875 0.4362980765625 0.76508620625 0.3858173078125
1 0.726293103125 0.3641826921875 0.711206896875 0.3677884609375 0.6939655171875 0.40865384687499995 0.6831896546875 0.4387019234375 0.7090517234375 0.43990384687499995 0.7327586203124999 0.3894230765625 0.726293103125 0.3641826921875
1 0.6681034484375 0.356971153125 0.659482759375 0.3605769234375 0.64008620625 0.400240384375 0.6357758625 0.41947115312500005 0.6853448281250001 0.41947115312500005 0.6810344828125 0.3798076921875 0.6681034484375 0.356971153125
1 0.512931034375 0.35576923125 0.5 0.390625 0.5 0.4050480765625 0.5409482765625 0.40264423125000004 0.523706896875 0.3509615390625 0.512931034375 0.35576923125
1 0.3642241375 0.3978365390625 0.3706896546875 0.388221153125 0.35991379375 0.3545673078125 0.3556034484375 0.3485576921875 0.34267241406250004 0.3521634609375 0.33836206875 0.372596153125 0.34482758593749996 0.3918269234375 0.34913793125 0.3978365390625 0.3642241375 0.3978365390625
0 0.1659482765625 0.5552884609375 0.1939655171875 0.544471153125 0.2047413796875 0.5324519234375 0.1659482765625 0.5240384609375 0.11853448281250001 0.40625 0.0926724140625 0.40384615312500005 0.0840517234375 0.4074519234375 0.0581896546875 0.51201923125 0.040948276562500004 0.537259615625 0.0107758625 0.5516826921875 0.1659482765625 0.5552884609375
0 0.2586206890625 0.4915865390625 0.2715517234375 0.4831730765625 0.2543103453125 0.47115384687499995 0.21551724062500002 0.3822115390625 0.20043103437499998 0.3822115390625 0.19181034531250002 0.39423076875 0.174568965625 0.4699519234375 0.15732758593750001 0.490384615625 0.1875 0.493990384375 0.2586206890625 0.4915865390625
0 0.3125 0.43509615312500005 0.28663793125 0.37139423125 0.2715517234375 0.375 0.2586206890625 0.41706730781249995 0.2543103453125 0.4603365390625 0.3232758625 0.45793269218750005 0.32758620625 0.4519230765625 0.3125 0.43509615312500005
0 0.34913793125 0.4387019234375 0.3189655171875 0.3641826921875 0.3081896546875 0.3665865390625 0.3038793109375 0.375 0.299568965625 0.39423076875 0.31465517187500003 0.43509615312500005 0.3232758625 0.44230769218750005 0.34913793125 0.4387019234375
0 0.262931034375 0.3918269234375 0.24568965468749998 0.3545673078125 0.23491379375000002 0.356971153125 0.2306034484375 0.37139423125 0.226293103125 0.3954326921875 0.23491379375000002 0.412259615625 0.2564655171875 0.4134615390625 0.262931034375 0.3918269234375