0 0.17241379375000002 0.5360576921875 0.19181034531250002 0.518028846875 0.1659482765625 0.51923076875 0.16163793125 0.515625 0.153017240625 0.4987980765625 0.1659482765625 0.48798076874999996 0.23491379375000002 0.48918269218750005 0.262931034375 0.48677884687499995 0.2672413796875 0.48197115312500005 0.24353448281249998 0.44831730781249995 0.2198275859375 0.393028846875 0.2068965515625 0.3834134609375 0.20043103437499998 0.384615384375 0.17241379375000002 0.48197115312500005 0.1465517234375 0.4831730765625 0.1056034484375 0.40144230781249995 0.0797413796875 0.3990384609375 0.0732758625 0.4074519234375 0.0538793109375 0.5168269234375 0.0193965515625 0.5384615390625 0.148706896875 0.5396634609375 0.17241379375000002 0.5360576921875
0 0 0.6454326921875 0.056034482812499994 0.6105769234375 0.0538793109375 0.606971153125 0.0215517234375 0.60576923125 0 0.606971153125 0 0.6454326921875
0 0.31034482812499997 0.453125 0.299568965625 0.4459134609375 0.31465517187500003 0.4387019234375 0.28017241406250004 0.3665865390625 0.247844828125 0.3737980765625 0.2392241375 0.400240384375 0.23491379375000002 0.42548076874999996 0.25215517187500003 0.4603365390625 0.3081896546875 0.459134615625 0.31034482812499997 0.453125
0 0.19181034531250002 0.3641826921875 0.1810344828125 0.3641826921875 0.174568965625 0.372596153125 0.1659482765625 0.42427884687499995 0.18318965468749998 0.43509615312500005 0.20043103437499998 0.3798076921875 0.19181034531250002 0.3641826921875
1 0.7952586203124999 0.4831730765625 0.810344828125 0.490384615625 0.799568965625 0.513221153125 0.7801724140624999 0.5168269234375 0.77586206875 0.5228365390625 0.7909482765625 0.5360576921875 0.9482758625000001 0.5360576921875 0.950431034375 0.5324519234375 0.913793103125 0.513221153125 0.877155171875 0.3918269234375 0.8491379312499999 0.3918269234375 0.8297413796875001 0.4375 0.8060344828125 0.4375 0.788793103125 0.381009615625 0.773706896875 0.3737980765625 0.7586206890625 0.3834134609375 0.7392241375 0.4447115390625 0.715517240625 0.47956730781249995 0.7413793109375 0.484375 0.7952586203124999 0.4831730765625
1 0.8836206890625 0.606971153125 0.9310344828125 0.6418269234375 0.9547413796875001 0.6478365390625 0.997844828125 0.6478365390625 0.9956896546875 0.47115384687499995 0.9418103453125 0.5985576921875 0.935344828125 0.603365384375 0.89008620625 0.603365384375 0.8836206890625 0.606971153125
1 0.7327586203124999 0.453125 0.7478448281250001 0.4146634609375 0.7435344828125 0.3701923078125 0.726293103125 0.365384615625 0.7198275859375001 0.372596153125 0.700431034375 0.43509615312500005 0.6875 0.447115384375 0.6939655171875 0.4543269234375 0.7327586203124999 0.453125
1 0.6702586203124999 0.3581730765625 0.6573275859375001 0.36298076875 0.64008620625 0.40625 0.6336206890625 0.431490384375 0.6939655171875 0.431490384375 0.6875 0.38701923125 0.6702586203124999 0.3581730765625
1 0.5043103453125 0.35576923125 0.4935344828125 0.359375 0.48491379375 0.381009615625 0.476293103125 0.4146634609375 0.5215517234375 0.4146634609375 0.523706896875 0.40144230781249995 0.5043103453125 0.35576923125
1 0.3211206890625 0.356971153125 0.3125 0.3545673078125 0.3060344828125 0.359375 0.2931034484375 0.3918269234375 0.3060344828125 0.41105769218750005 0.340517240625 0.4050480765625 0.3211206890625 0.356971153125
1 0.17241379375000002 0.38701923125 0.15086206875 0.356971153125 0.1422413796875 0.3581730765625 0.137931034375 0.3665865390625 0.1336206890625 0.4050480765625 0.1681034484375 0.4146634609375 0.174568965625 0.42668269218750005 0.17241379375000002 0.38701923125