1 0.9655172406249999 0.6105769234375 0.9655172406249999 0.618990384375 0.997844828125 0.640625 0.997844828125 0.6105769234375 0.9655172406249999 0.6105769234375
1 0.8448275859375001 0.537259615625 0.997844828125 0.53485576875 0.997844828125 0.5228365390625 0.9676724140624999 0.5072115390625 0.9267241374999999 0.3762019234375 0.8922413796875001 0.37860576875 0.851293103125 0.4915865390625 0.82758620625 0.513221153125 0.810344828125 0.5168269234375 0.8448275859375001 0.537259615625
1 0.7672413796875001 0.4831730765625 0.8491379312499999 0.484375 0.85991379375 0.43990384687499995 0.836206896875 0.368990384375 0.82758620625 0.361778846875 0.8125 0.361778846875 0.799568965625 0.37139423125 0.778017240625 0.45072115312500005 0.7693965515625 0.46875 0.7543103453125 0.47355769218750005 0.7672413796875001 0.4831730765625
1 0.7284482765625 0.359375 0.72413793125 0.3545673078125 0.7090517234375 0.3545673078125 0.70258620625 0.359375 0.67241379375 0.4459134609375 0.7478448281250001 0.447115384375 0.7543103453125 0.4387019234375 0.7284482765625 0.359375
1 0.5086206890625 0.353365384375 0.4956896546875 0.3545673078125 0.48922413750000004 0.37139423125 0.476293103125 0.4230769234375 0.528017240625 0.4230769234375 0.5323275859375001 0.41105769218750005 0.5086206890625 0.353365384375
1 0.2715517234375 0.35576923125 0.262931034375 0.39423076875 0.26508620625 0.41706730781249995 0.3125 0.4134615390625 0.28663793125 0.353365384375 0.2715517234375 0.35576923125
1 0.0797413796875 0.3581730765625 0.0732758625 0.3677884609375 0.0689655171875 0.393028846875 0.0948275859375 0.396634615625 0.0926724140625 0.3605769234375 0.0797413796875 0.3581730765625
0 0 0.643028846875 0.028017240625000002 0.622596153125 0.0086206890625 0.618990384375 0 0.6201923078125 0 0.643028846875
0 0.07112068906249999 0.5540865390625 0.1681034484375 0.549278846875 0.1961206890625 0.528846153125 0.1659482765625 0.525240384375 0.159482759375 0.518028846875 0.0948275859375 0.3954326921875 0.0625 0.3978365390625 0.043103448437500004 0.5264423078125 0.034482759375 0.537259615625 0.0064655171875 0.5516826921875 0.07112068906249999 0.5540865390625
0 0.2607758625 0.4855769234375 0.2392241375 0.48076923125000004 0.185344828125 0.3798076921875 0.163793103125 0.3822115390625 0.15732758593750001 0.415865384375 0.153017240625 0.4987980765625 0.159482759375 0.502403846875 0.25 0.49519230781249995 0.2607758625 0.4855769234375
0 0.2586206890625 0.44110576874999996 0.2284482765625 0.372596153125 0.2090517234375 0.3701923078125 0.20258620624999998 0.37860576875 0.20258620624999998 0.40384615312500005 0.23491379375000002 0.46634615312500005 0.28017241406250004 0.462740384375 0.2586206890625 0.44110576874999996
0 0.15086206875 0.447115384375 0.153017240625 0.431490384375 0.122844828125 0.3701923078125 0.11637931093750001 0.365384615625 0.10129310312499999 0.3677884609375 0.09913793125 0.40144230781249995 0.122844828125 0.4459134609375 0.127155171875 0.44951923125000004 0.15086206875 0.447115384375