1 0.814655171875 0.560096153125 0.851293103125 0.584134615625 0.9935344828125 0.5853365390625 0.997844828125 0.57451923125 0.987068965625 0.568509615625 0.9784482765625 0.55048076875 0.950431034375 0.4230769234375 0.913793103125 0.4206730765625 0.9094827593750001 0.42548076874999996 0.8534482765625 0.5516826921875 0.8448275859375001 0.556490384375 0.814655171875 0.556490384375 0.814655171875 0.560096153125
1 0.8534482765625 0.51201923125 0.8642241374999999 0.5084134609375 0.8448275859375001 0.4855769234375 0.825431034375 0.3954326921875 0.8017241374999999 0.3918269234375 0.788793103125 0.40865384687499995 0.7672413796875001 0.4675480765625 0.7435344828125 0.506009615625 0.7607758625 0.5108173078125 0.8534482765625 0.51201923125
1 0.7586206890625 0.47355769218750005 0.7693965515625 0.443509615625 0.75 0.377403846875 0.73491379375 0.3762019234375 0.72413793125 0.390625 0.7068965515625 0.443509615625 0.6875 0.46394230781249995 0.70258620625 0.47115384687499995 0.7586206890625 0.47355769218750005
1 0.715517240625 0.3701923078125 0.70258620625 0.3677884609375 0.6961206890625 0.3737980765625 0.663793103125 0.443509615625 0.700431034375 0.44831730781249995 0.721982759375 0.3894230765625 0.715517240625 0.3701923078125
1 0.6573275859375001 0.36298076875 0.6443965515625 0.3605769234375 0.637931034375 0.3677884609375 0.612068965625 0.4230769234375 0.6163793109375 0.42668269218750005 0.6681034484375 0.427884615625 0.6573275859375001 0.36298076875
1 0.5 0.3545673078125 0.48922413750000004 0.3581730765625 0.47844827656250005 0.3858173078125 0.47413793125000003 0.4074519234375 0.48491379375 0.41105769218750005 0.51508620625 0.40865384687499995 0.5 0.3545673078125
1 0.32758620625 0.3521634609375 0.31465517187500003 0.3521634609375 0.3081896546875 0.372596153125 0.325431034375 0.4050480765625 0.34482758593749996 0.3954326921875 0.32758620625 0.3521634609375
0 0 0.578125 0.0517241375 0.58173076875 0.1336206890625 0.5769230765625 0.1659482765625 0.55889423125 0.1702586203125 0.55048076875 0.137931034375 0.5480769234375 0.12931034531250002 0.5420673078125 0.07758620625 0.4146634609375 0.04741379375 0.41105769218750005 0.0323275859375 0.4387019234375 0 0.5480769234375 0 0.578125
0 0.2327586203125 0.502403846875 0.24353448281249998 0.4927884609375 0.2327586203125 0.490384615625 0.2198275859375 0.47355769218750005 0.185344828125 0.388221153125 0.1659482765625 0.388221153125 0.15517241406249999 0.40264423125000004 0.14008620624999998 0.4699519234375 0.125 0.5012019234375 0.15517241406249999 0.5048076921875 0.2327586203125 0.502403846875
0 0.24137931093749998 0.3762019234375 0.22413793124999998 0.43509615312500005 0.22198275937499998 0.4675480765625 0.2952586203125 0.46514423125000004 0.2586206890625 0.375 0.24137931093749998 0.3762019234375
0 0.3189655171875 0.4459134609375 0.3232758625 0.4206730765625 0.3017241375 0.36298076875 0.278017240625 0.368990384375 0.273706896875 0.381009615625 0.273706896875 0.40384615312500005 0.288793103125 0.443509615625 0.2952586203125 0.447115384375 0.3189655171875 0.4459134609375
0 0.2284482765625 0.41706730781249995 0.2327586203125 0.40264423125000004 0.21551724062500002 0.356971153125 0.20258620624999998 0.356971153125 0.1982758625 0.3677884609375 0.19181034531250002 0.3954326921875 0.20043103437499998 0.4146634609375 0.2047413796875 0.41826923125000004 0.2284482765625 0.41706730781249995