1 0.8038793109375 0.484375 0.8189655171875 0.493990384375 0.8081896546875 0.515625 0.784482759375 0.51923076875 0.7931034484375 0.5324519234375 0.810344828125 0.5384615390625 0.9633620687500001 0.537259615625 0.9633620687500001 0.5324519234375 0.9267241374999999 0.513221153125 0.89008620625 0.3918269234375 0.85991379375 0.390625 0.8448275859375001 0.427884615625 0.8125 0.4375 0.788793103125 0.372596153125 0.7693965515625 0.3737980765625 0.7564655171875 0.3954326921875 0.737068965625 0.46394230781249995 0.7198275859375001 0.478365384375 0.7284482765625 0.4831730765625 0.8038793109375 0.484375
1 0.9698275859375001 0.5949519234375 0.950431034375 0.606971153125 0.9073275859375001 0.6081730765625 0.9633620687500001 0.6514423078125 0.997844828125 0.65264423125 0.997844828125 0.52764423125 0.9698275859375001 0.5949519234375
1 0.7392241375 0.4519230765625 0.7478448281250001 0.4302884609375 0.7543103453125 0.40625 0.75 0.372596153125 0.7435344828125 0.3641826921875 0.726293103125 0.365384615625 0.70258620625 0.4375 0.6896551718749999 0.447115384375 0.6982758625 0.453125 0.7392241375 0.4519230765625
1 0.6961206890625 0.388221153125 0.6853448281250001 0.384615384375 0.67241379375 0.356971153125 0.6573275859375001 0.361778846875 0.6443965515625 0.393028846875 0.6336206890625 0.4302884609375 0.6918103453125 0.431490384375 0.6896551718749999 0.3958329328125 0.6961206890625 0.388221153125
1 0.5043103453125 0.35576923125 0.4935344828125 0.35576923125 0.48491379375 0.372596153125 0.476293103125 0.4146634609375 0.5193965515625 0.4146634609375 0.523706896875 0.40384615312500005 0.5043103453125 0.35576923125
1 0.336206896875 0.40264423125000004 0.3125 0.3545673078125 0.3038793109375 0.35576923125 0.29741379375 0.3665865390625 0.2931034484375 0.4074519234375 0.3017241375 0.41105769218750005 0.3318965515625 0.4074519234375 0.336206896875 0.40264423125000004
1 0.1422413796875 0.35576923125 0.127155171875 0.388221153125 0.12931034531250002 0.4074519234375 0.16163793125 0.40865384687499995 0.1659482765625 0.3918269234375 0.1422413796875 0.35576923125
0 0 0.6490384609375 0.0517241375 0.615384615625 0.038793103125 0.6105769234375 0.015086206250000001 0.6105769234375 0 0.611778846875 0 0.6490384609375
0 0.15732758593750001 0.540865384375 0.1875 0.5204326921875 0.1681034484375 0.5204326921875 0.153017240625 0.509615384375 0.09913793125 0.400240384375 0.0797413796875 0.396634615625 0.064655171875 0.4050480765625 0.049568965625 0.5 0.0323275859375 0.52764423125 0.012931034375 0.540865384375 0.15732758593750001 0.540865384375
0 0.2586206890625 0.48798076874999996 0.26508620625 0.47956730781249995 0.25215517187500003 0.47115384687499995 0.211206896875 0.3822115390625 0.189655171875 0.381009615625 0.1702586203125 0.47355769218750005 0.15086206875 0.48677884687499995 0.185344828125 0.4927884609375 0.2586206890625 0.48798076874999996
0 0.3017241375 0.459134615625 0.3060344828125 0.4543269234375 0.2909482765625 0.443509615625 0.2607758625 0.372596153125 0.24353448281249998 0.3737980765625 0.23706896562500002 0.3954326921875 0.23491379375000002 0.4290865390625 0.247844828125 0.459134615625 0.2564655171875 0.46394230781249995 0.3017241375 0.459134615625
0 0.1875 0.3641826921875 0.174568965625 0.36298076875 0.1681034484375 0.372596153125 0.16163793125 0.42668269218750005 0.1767241375 0.431490384375 0.19181034531250002 0.3798076921875 0.1875 0.3641826921875