1 0.9633620687500001 0.60576923125 0.9633620687500001 0.6141826921875 0.997844828125 0.63701923125 0.997844828125 0.60576923125 0.9633620687500001 0.60576923125
1 0.8534482765625 0.5360576921875 0.997844828125 0.5324519234375 0.997844828125 0.5204326921875 0.976293103125 0.509615384375 0.9698275859375001 0.4987980765625 0.9331896546875 0.3798076921875 0.9288793109375 0.3762019234375 0.898706896875 0.37860576875 0.851293103125 0.506009615625 0.8168103453125 0.5168269234375 0.8405172406249999 0.533653846875 0.8534482765625 0.5360576921875
1 0.8556034484374999 0.4831730765625 0.8685344828125 0.44110576874999996 0.8426724140624999 0.3665865390625 0.825431034375 0.36298076875 0.8125 0.3701923078125 0.788793103125 0.45072115312500005 0.7672413796875001 0.478365384375 0.778017240625 0.4831730765625 0.8556034484374999 0.4831730765625
1 0.7176724140624999 0.359375 0.6961206890625 0.4134615390625 0.6896551718749999 0.44831730781249995 0.76508620625 0.4459134609375 0.7327586203124999 0.35576923125 0.7176724140624999 0.359375
1 0.5517241375 0.41947115312500005 0.523706896875 0.3545673078125 0.5107758625 0.356971153125 0.5064655171875 0.3677884609375 0.48922413750000004 0.42427884687499995 0.5 0.427884615625 0.5431034484375 0.42548076874999996 0.5517241375 0.41947115312500005
1 0.2952586203125 0.35576923125 0.288793103125 0.36298076875 0.28017241406250004 0.400240384375 0.28232758593749996 0.41947115312500005 0.3297413796875 0.415865384375 0.3038793109375 0.35576923125 0.2952586203125 0.35576923125
1 0.1056034484375 0.359375 0.0948275859375 0.3677884609375 0.08836206875 0.393028846875 0.11637931093750001 0.396634615625 0.11637931093750001 0.3641826921875 0.1056034484375 0.359375
0 0 0.6478365390625 0.04741379375 0.6165865390625 0.043103448437500004 0.611778846875 0.0064655171875 0.611778846875 0 0.61298076875 0 0.6478365390625
0 0.1961206890625 0.540865384375 0.20258620624999998 0.5264423078125 0.185344828125 0.5240384609375 0.17241379375000002 0.5048076921875 0.1788793109375 0.5 0.2543103453125 0.49759615312500005 0.278017240625 0.48677884687499995 0.2564655171875 0.478365384375 0.211206896875 0.390625 0.20043103437499998 0.3822115390625 0.185344828125 0.384615384375 0.174568965625 0.4447115390625 0.1465517234375 0.453125 0.1206896546875 0.400240384375 0.10991379375000002 0.3954326921875 0.08620689687500001 0.3954326921875 0.0818965515625 0.3990384609375 0.064655171875 0.5204326921875 0.030172414062500003 0.5480769234375 0.185344828125 0.5456730765625 0.1961206890625 0.540865384375
0 0.2952586203125 0.462740384375 0.27586206875 0.44110576874999996 0.24353448281249998 0.372596153125 0.226293103125 0.372596153125 0.22198275937499998 0.3798076921875 0.22198275937499998 0.4074519234375 0.247844828125 0.4615384609375 0.2543103453125 0.4675480765625 0.2952586203125 0.462740384375
0 0.1681034484375 0.44831730781249995 0.17241379375000002 0.431490384375 0.1443965515625 0.3737980765625 0.137931034375 0.3677884609375 0.1206896546875 0.37139423125 0.11853448281250001 0.3990384609375 0.1422413796875 0.4459134609375 0.1465517234375 0.44951923125000004 0.1681034484375 0.44831730781249995