1 0.9116379312499999 0.6237980765625 0.997844828125 0.625 0.997844828125 0.41826923125000004 0.9827586203124999 0.421875 0.9116379312499999 0.5829326921875 0.862068965625 0.5865384609375 0.8922413796875001 0.6141826921875 0.9116379312499999 0.6237980765625
1 0.7672413796875001 0.4759615390625 0.7931034484375 0.48677884687499995 0.788793103125 0.5 0.7607758625 0.5084134609375 0.773706896875 0.5228365390625 0.9267241374999999 0.525240384375 0.8943965515625001 0.5 0.8642241374999999 0.388221153125 0.8426724140624999 0.3858173078125 0.8297413796875001 0.393028846875 0.8189655171875 0.4230769234375 0.7952586203124999 0.4230769234375 0.778017240625 0.368990384375 0.7607758625 0.368990384375 0.7478448281250001 0.384615384375 0.72413793125 0.45793269218750005 0.7068965515625 0.46634615312500005 0.7176724140624999 0.474759615625 0.7672413796875001 0.4759615390625
1 0.6702586203124999 0.353365384375 0.6551724140624999 0.3581730765625 0.6422413796875001 0.38701923125 0.6293103453125 0.4230769234375 0.6831896546875 0.427884615625 0.6918103453125 0.41826923125000004 0.6702586203124999 0.353365384375
1 0.7435344828125 0.3978365390625 0.7435344828125 0.37860576875 0.7327586203124999 0.3605769234375 0.7198275859375001 0.361778846875 0.7068965515625 0.390625 0.6896551718749999 0.44230769218750005 0.6961206890625 0.447115384375 0.7198275859375001 0.44831730781249995 0.7435344828125 0.3978365390625
1 0.5064655171875 0.349759615625 0.4956896546875 0.353365384375 0.48491379375 0.3798076921875 0.4806034484375 0.4074519234375 0.5086206890625 0.40985576874999996 0.528017240625 0.4050480765625 0.5064655171875 0.349759615625
1 0.33836206875 0.40144230781249995 0.34267241406250004 0.396634615625 0.325431034375 0.3509615390625 0.3189655171875 0.34735576875 0.31034482812499997 0.353365384375 0.29741379375 0.3798076921875 0.3081896546875 0.41947115312500005 0.31034482812499997 0.40384615312500005 0.33836206875 0.40144230781249995
1 0.15732758593750001 0.349759615625 0.1465517234375 0.353365384375 0.14008620624999998 0.372596153125 0.1357758625 0.3954326921875 0.1422413796875 0.40264423125000004 0.1767241375 0.3990384609375 0.15732758593750001 0.349759615625
0 0.2715517234375 0.4759615390625 0.278017240625 0.46514423125000004 0.2693965515625 0.45673076874999996 0.31465517187500003 0.447115384375 0.3038793109375 0.4387019234375 0.3060344828125 0.42668269218750005 0.284482759375 0.3858173078125 0.284482759375 0.36298076875 0.2284482765625 0.377403846875 0.2090517234375 0.3737980765625 0.2047413796875 0.3798076921875 0.1875 0.4603365390625 0.17241379375000002 0.4759615390625 0.1982758625 0.47956730781249995 0.2715517234375 0.4759615390625
0 0.19181034531250002 0.518028846875 0.20043103437499998 0.5084134609375 0.1767241375 0.50360576875 0.125 0.3918269234375 0.1056034484375 0.3894230765625 0.0948275859375 0.39423076875 0.075431034375 0.4987980765625 0.0452586203125 0.521634615625 0.1767241375 0.521634615625 0.19181034531250002 0.518028846875
0 0 0.625 0.0323275859375 0.62139423125 0.0840517234375 0.5865384609375 0.0323275859375 0.5853365390625 0 0.51923076875 0 0.625
0 0 0.625 0.030172414062500003 0.622596153125 0.0840517234375 0.5865384609375 0.028017240625000002 0.58173076875 0 0.5204326921875 0 0.625
0 0.20043103437499998 0.356971153125 0.185344828125 0.356971153125 0.1810344828125 0.37139423125 0.17241379375000002 0.41826923125000004 0.1961206890625 0.4230769234375 0.2047413796875 0.396634615625 0.20043103437499998 0.356971153125