1 0.997844828125 0.493990384375 0.9116379312499999 0.6237980765625 0.8577586203124999 0.62860576875 0.875 0.6923076921875 0.8836206890625 0.697115384375 0.997844828125 0.705528846875 0.997844828125 0.493990384375
1 0.836206896875 0.53125 0.961206896875 0.53485576875 0.9806034484374999 0.5144230765625 0.9633620687500001 0.47115384687499995 0.95258620625 0.377403846875 0.939655171875 0.372596153125 0.913793103125 0.37860576875 0.8556034484374999 0.48677884687499995 0.8189655171875 0.5 0.825431034375 0.525240384375 0.836206896875 0.53125
1 0.76508620625 0.4302884609375 0.872844828125 0.42668269218750005 0.8448275859375001 0.40264423125000004 0.836206896875 0.3125 0.814655171875 0.30889423125 0.8081896546875 0.3137019234375 0.7607758625 0.40144230781249995 0.7327586203124999 0.41105769218750005 0.7478448281250001 0.42548076874999996 0.76508620625 0.4302884609375
1 0.612068965625 0.356971153125 0.6228448281250001 0.353365384375 0.6077586203124999 0.341346153125 0.5926724140624999 0.2704326921875 0.575431034375 0.2668269234375 0.5689655171875 0.271634615625 0.54741379375 0.33173076875 0.5215517234375 0.3485576921875 0.5517241375 0.3581730765625 0.612068965625 0.356971153125
1 0.336206896875 0.24639423124999998 0.3211206890625 0.24879807656250003 0.3125 0.2740384609375 0.299568965625 0.3209134609375 0.325431034375 0.325721153125 0.3642241375 0.322115384375 0.336206896875 0.24639423124999998
1 0.1681034484375 0.3076923078125 0.1681034484375 0.302884615625 0.1465517234375 0.29326923125 0.11853448281250001 0.24038461562500002 0.10775862031250001 0.24038461562500002 0.10129310312499999 0.2572115390625 0.09913793125 0.2800480765625 0.11206896562499999 0.28485576875 0.12931034531250002 0.3137019234375 0.1681034484375 0.3076923078125
1 0 0.65625 0.06681034531249999 0.609375 0.0732758625 0.5949519234375 0.03125 0.59375 0.0086206890625 0.587740384375 0 0.575721153125 0 0.65625
0 0 0.65625 0.07112068906249999 0.60576923125 0.075431034375 0.59735576875 0.06681034531249999 0.59375 0.03125 0.59375 0.0086206890625 0.587740384375 0 0.5769230765625 0 0.65625
0 0.2198275859375 0.4855769234375 0.1788793109375 0.478365384375 0.1206896546875 0.375 0.10991379375000002 0.365384615625 0.0818965515625 0.3677884609375 0.07112068906249999 0.4831730765625 0.0323275859375 0.5144230765625 0.18318965468749998 0.5168269234375 0.2198275859375 0.4855769234375
0 0.2715517234375 0.41826923125000004 0.2564655171875 0.412259615625 0.24353448281249998 0.396634615625 0.2068965515625 0.318509615625 0.185344828125 0.3173076921875 0.1788793109375 0.3293269234375 0.15732758593750001 0.43509615312500005 0.1659482765625 0.4387019234375 0.2715517234375 0.43509615312500005 0.2715517234375 0.41826923125000004
0 0.15086206875 0.3822115390625 0.159482759375 0.3737980765625 0.1056034484375 0.2824519234375 0.090517240625 0.2860576921875 0.08620689687500001 0.3052884609375 0.0818965515625 0.361778846875 0.1142241375 0.365384615625 0.12931034531250002 0.384615384375 0.15086206875 0.3822115390625