1 0.9568965515625001 0.61298076875 0.9547413796875001 0.6177884609375 0.997844828125 0.65264423125 0.997844828125 0.61298076875 0.9568965515625001 0.61298076875
1 0.836206896875 0.528846153125 0.851293103125 0.54326923125 0.8642241374999999 0.546875 0.9956896546875 0.5456730765625 0.997844828125 0.5300480765625 0.9827586203124999 0.51923076875 0.9461206890625 0.40144230781249995 0.92241379375 0.3954326921875 0.9073275859375001 0.4050480765625 0.8685344828125 0.5144230765625 0.85991379375 0.5240384609375 0.8340517234375 0.525240384375 0.836206896875 0.528846153125
1 0.8685344828125 0.49639423125000004 0.887931034375 0.447115384375 0.8663793109375 0.3822115390625 0.8448275859375001 0.3798076921875 0.8340517234375 0.393028846875 0.810344828125 0.4699519234375 0.7931034484375 0.48918269218750005 0.8081896546875 0.49519230781249995 0.8685344828125 0.49639423125000004
1 0.7693965515625 0.37139423125 0.75 0.372596153125 0.73491379375 0.4074519234375 0.7176724140624999 0.45793269218750005 0.7909482765625 0.459134615625 0.7952586203124999 0.4543269234375 0.7693965515625 0.37139423125
1 0.5668103453125 0.368990384375 0.5517241375 0.3677884609375 0.54741379375 0.3737980765625 0.5301724140624999 0.43509615312500005 0.5840517234375 0.43509615312500005 0.58836206875 0.4302884609375 0.5668103453125 0.368990384375
1 0.336206896875 0.37139423125 0.325431034375 0.412259615625 0.3297413796875 0.4290865390625 0.375 0.42548076874999996 0.346982759375 0.3665865390625 0.336206896875 0.37139423125
1 0.1659482765625 0.372596153125 0.15517241406249999 0.37139423125 0.148706896875 0.381009615625 0.1422413796875 0.4074519234375 0.1659482765625 0.40985576874999996 0.17241379375000002 0.40384615312500005 0.1659482765625 0.372596153125
0 0 0.6550480765625 0.049568965625 0.6514423078125 0.09913793125 0.62139423125 0.1056034484375 0.611778846875 0.04741379375 0.60576923125 0 0.518028846875 0 0.6550480765625
0 0.2306034484375 0.55048076875 0.2564655171875 0.53485576875 0.23491379375000002 0.53125 0.1702586203125 0.4074519234375 0.1702586203125 0.384615384375 0.16163793125 0.3737980765625 0.15086206875 0.3798076921875 0.122844828125 0.5204326921875 0.11206896562499999 0.5384615390625 0.0926724140625 0.5516826921875 0.2306034484375 0.55048076875
0 0.3125 0.5 0.31465517187500003 0.493990384375 0.3038793109375 0.4915865390625 0.2952586203125 0.48076923125000004 0.2586206890625 0.3978365390625 0.25 0.39423076875 0.2327586203125 0.3978365390625 0.22198275937499998 0.45552884687499995 0.2176724140625 0.49759615312500005 0.22413793124999998 0.5072115390625 0.2952586203125 0.5048076921875 0.3125 0.5
0 0.340517240625 0.4699519234375 0.3232758625 0.45673076874999996 0.2931034484375 0.38701923125 0.27586206875 0.384615384375 0.2693965515625 0.393028846875 0.2693965515625 0.41706730781249995 0.2952586203125 0.47235576874999996 0.336206896875 0.47355769218750005 0.340517240625 0.4699519234375
0 0.2176724140625 0.45673076874999996 0.22198275937499998 0.44110576874999996 0.1982758625 0.38701923125 0.19181034531250002 0.3798076921875 0.1767241375 0.3798076921875 0.174568965625 0.4134615390625 0.19181034531250002 0.44951923125000004 0.20043103437499998 0.45793269218750005 0.2176724140625 0.45673076874999996