1 0.9267241374999999 0.5865384609375 0.997844828125 0.5853365390625 0.997844828125 0.3978365390625 0.987068965625 0.3978365390625 0.976293103125 0.4074519234375 0.9181034484374999 0.552884615625 0.875 0.556490384375 0.9030172406249999 0.5793269234375 0.9267241374999999 0.5865384609375
1 0.7952586203124999 0.5084134609375 0.9202586203124999 0.5072115390625 0.9267241374999999 0.5012019234375 0.898706896875 0.4855769234375 0.8685344828125 0.381009615625 0.8448275859375001 0.377403846875 0.836206896875 0.384615384375 0.799568965625 0.48798076874999996 0.7801724140624999 0.493990384375 0.7801724140624999 0.5 0.7952586203124999 0.5084134609375
1 0.79741379375 0.47235576874999996 0.8060344828125 0.46634615312500005 0.8168103453125 0.42427884687499995 0.7952586203124999 0.3677884609375 0.77586206875 0.3701923078125 0.7672413796875001 0.388221153125 0.75 0.45072115312500005 0.73491379375 0.46634615312500005 0.7392241375 0.4699519234375 0.79741379375 0.47235576874999996
1 0.5043103453125 0.3605769234375 0.48922413750000004 0.4050480765625 0.48922413750000004 0.42427884687499995 0.538793103125 0.421875 0.5172413796875001 0.359375 0.5043103453125 0.3605769234375
1 0.73491379375 0.4387019234375 0.71336206875 0.3641826921875 0.6961206890625 0.361778846875 0.6875 0.3737980765625 0.659482759375 0.4387019234375 0.6681034484375 0.443509615625 0.7306034484375 0.443509615625 0.73491379375 0.4387019234375
1 0.148706896875 0.3894230765625 0.12931034531250002 0.3605769234375 0.11637931093750001 0.37139423125 0.10775862031250001 0.412259615625 0.11853448281250001 0.41947115312500005 0.1443965515625 0.4206730765625 0.148706896875 0.3894230765625
1 0.2693965515625 0.372596153125 0.2586206890625 0.372596153125 0.2779359140625 0.38767688749999996 0.2693965515625 0.372596153125
1 0.27586206875 0.40384615312500005 0.28232758593749996 0.3954326921875 0.2797413796875 0.39086538437499996 0.27586206875 0.40384615312500005
1 0.3340517234375 0.4146634609375 0.31465517187500003 0.3605769234375 0.3017241375 0.359375 0.29741379375 0.365384615625 0.28663793125 0.3978365390625 0.2931034484375 0.42427884687499995 0.3017241375 0.41826923125000004 0.3340517234375 0.4146634609375
0 0 0.59014423125 0.11206896562499999 0.587740384375 0.1314655171875 0.580528846875 0.15517241406249999 0.55889423125 0.1142241375 0.5540865390625 0.043103448437500004 0.41706730781249995 0.0323275859375 0.40985576874999996 0.0086206890625 0.412259615625 0 0.4146634609375 0 0.59014423125
0 0.1142241375 0.5168269234375 0.247844828125 0.513221153125 0.2586206890625 0.5012019234375 0.2392241375 0.49759615312500005 0.19181034531250002 0.3954326921875 0.1767241375 0.384615384375 0.148706896875 0.41947115312500005 0.15732758593750001 0.4206730765625 0.15732758593750001 0.43509615312500005 0.1422413796875 0.49639423125000004 0.1142241375 0.5168269234375
0 0.2952586203125 0.478365384375 0.3017241375 0.4699519234375 0.28017241406250004 0.45072115312500005 0.25 0.3798076921875 0.2306034484375 0.3798076921875 0.226293103125 0.38701923125 0.2198275859375 0.44951923125000004 0.2327586203125 0.4771634609375 0.23706896562500002 0.48076923125000004 0.2952586203125 0.478365384375
0 0.3017241375 0.45552884687499995 0.3081896546875 0.45072115312500005 0.27586206875 0.377403846875 0.2715517234375 0.372596153125 0.2564655171875 0.372596153125 0.2543103453125 0.388221153125 0.28232758593749996 0.44951923125000004 0.28663793125 0.45552884687499995 0.3017241375 0.45552884687499995
0 0.1788793109375 0.388221153125 0.1702586203125 0.3677884609375 0.15732758593750001 0.3677884609375 0.153017240625 0.372596153125 0.1443965515625 0.415865384375 0.1422413796875 0.4387019234375 0.153017240625 0.4447115390625 0.16163793125 0.4074519234375 0.1788793109375 0.388221153125