0 0 0.5625 0.159482759375 0.5625 0.1767241375 0.556490384375 0.1961206890625 0.5396634609375 0.159482759375 0.53485576875 0.10991379375000002 0.40865384687499995 0.0797413796875 0.40625 0.07112068906249999 0.4146634609375 0.0452586203125 0.521634615625 0.03125 0.541466346875 0 0.5552884609375 0 0.5625
0 0.26508620625 0.4855769234375 0.24568965468749998 0.4699519234375 0.211206896875 0.3858173078125 0.189655171875 0.384615384375 0.18318965468749998 0.3978365390625 0.153017240625 0.493990384375 0.1767241375 0.49759615312500005 0.2564655171875 0.49519230781249995 0.26508620625 0.4855769234375
0 0.262931034375 0.384615384375 0.24568965468749998 0.43990384687499995 0.24568965468749998 0.4615384609375 0.31465517187500003 0.459134615625 0.27586206875 0.4134615390625 0.262931034375 0.384615384375
0 0.34482758593749996 0.4387019234375 0.3125 0.3665865390625 0.3038793109375 0.365384615625 0.29741379375 0.372596153125 0.2931034484375 0.396634615625 0.3060344828125 0.43389423125000004 0.3189655171875 0.4447115390625 0.34482758593749996 0.4387019234375
0 0.2543103453125 0.40985576874999996 0.2543103453125 0.393028846875 0.2392241375 0.35576923125 0.2284482765625 0.35576923125 0.22413793124999998 0.361778846875 0.2198275859375 0.40384615312500005 0.22413793124999998 0.412259615625 0.2392241375 0.415865384375 0.2543103453125 0.40985576874999996
1 0.997844828125 0.5709134609375 0.997844828125 0.5637019234375 0.976293103125 0.5552884609375 0.9676724140624999 0.5360576921875 0.9418103453125 0.41706730781249995 0.9331896546875 0.4074519234375 0.9073275859375001 0.4074519234375 0.8491379312499999 0.5384615390625 0.8125 0.549278846875 0.8469827593750001 0.5709134609375 0.997844828125 0.5709134609375
1 0.8448275859375001 0.50360576875 0.8577586203124999 0.493990384375 0.8297413796875001 0.393028846875 0.8038793109375 0.3894230765625 0.79741379375 0.3978365390625 0.76508620625 0.47956730781249995 0.7435344828125 0.49519230781249995 0.76508620625 0.502403846875 0.8448275859375001 0.50360576875
1 0.778017240625 0.4447115390625 0.7672413796875001 0.388221153125 0.7564655171875 0.372596153125 0.7435344828125 0.3737980765625 0.737068965625 0.381009615625 0.7047413796875001 0.462740384375 0.7586206890625 0.4675480765625 0.7715517234375 0.4603365390625 0.778017240625 0.4447115390625
1 0.7327586203124999 0.396634615625 0.7306034484375 0.3701923078125 0.721982759375 0.365384615625 0.711206896875 0.3677884609375 0.6875 0.43269230781249995 0.6767241375 0.4387019234375 0.7068965515625 0.443509615625 0.7327586203124999 0.396634615625
1 0.6551724140624999 0.36298076875 0.6357758625 0.4074519234375 0.6336206890625 0.4230769234375 0.6831896546875 0.4230769234375 0.6702586203124999 0.3581730765625 0.6551724140624999 0.36298076875
1 0.5215517234375 0.353365384375 0.5086206890625 0.3545673078125 0.5043103453125 0.365384615625 0.4935344828125 0.4050480765625 0.528017240625 0.4074519234375 0.534482759375 0.396634615625 0.5215517234375 0.353365384375
1 0.3534482765625 0.3545673078125 0.34913793125 0.3485576921875 0.3340517234375 0.3545673078125 0.3340517234375 0.384615384375 0.34913793125 0.400240384375 0.3642241375 0.3954326921875 0.3534482765625 0.3545673078125
1 0.2068965515625 0.381009615625 0.19181034531250002 0.34735576875 0.1767241375 0.3677884609375 0.1767241375 0.3918269234375 0.185344828125 0.39423076875 0.19181034531250002 0.384615384375 0.2068965515625 0.381009615625