1 0.82758620625 0.5576923078125 0.8534482765625 0.5673076921875 0.997844828125 0.568509615625 0.997844828125 0.560096153125 0.9698275859375001 0.5456730765625 0.9418103453125 0.41706730781249995 0.9331896546875 0.4074519234375 0.9073275859375001 0.4074519234375 0.8491379312499999 0.5360576921875 0.8426724140624999 0.540865384375 0.8125 0.544471153125 0.82758620625 0.5576923078125
1 0.851293103125 0.5012019234375 0.85991379375 0.4927884609375 0.8318965515625001 0.393028846875 0.8211206890625 0.388221153125 0.8017241374999999 0.393028846875 0.773706896875 0.462740384375 0.7478448281250001 0.49519230781249995 0.7672413796875001 0.5012019234375 0.851293103125 0.5012019234375
1 0.762931034375 0.46634615312500005 0.7801724140624999 0.4447115390625 0.7693965515625 0.3858173078125 0.762931034375 0.372596153125 0.7478448281250001 0.372596153125 0.7392241375 0.37860576875 0.7198275859375001 0.4375 0.70258620625 0.45793269218750005 0.7090517234375 0.462740384375 0.762931034375 0.46634615312500005
1 0.7306034484375 0.365384615625 0.7176724140624999 0.365384615625 0.71336206875 0.3701923078125 0.6831896546875 0.4387019234375 0.711206896875 0.44230769218750005 0.737068965625 0.3918269234375 0.7306034484375 0.365384615625
1 0.674568965625 0.359375 0.66163793125 0.3605769234375 0.64008620625 0.40865384687499995 0.6357758625 0.41947115312500005 0.6443965515625 0.4230769234375 0.6875 0.41947115312500005 0.674568965625 0.359375
1 0.528017240625 0.353365384375 0.5172413796875001 0.3521634609375 0.5107758625 0.361778846875 0.497844828125 0.40384615312500005 0.53663793125 0.40625 0.5409482765625 0.3990384609375 0.528017240625 0.353365384375
1 0.3706896546875 0.3918269234375 0.3556034484375 0.349759615625 0.346982759375 0.3485576921875 0.340517240625 0.35576923125 0.336206896875 0.368990384375 0.34913793125 0.400240384375 0.3663793109375 0.3978365390625 0.3706896546875 0.3918269234375
1 0.211206896875 0.381009615625 0.1961206890625 0.34735576875 0.18318965468749998 0.3701923078125 0.1810344828125 0.388221153125 0.189655171875 0.393028846875 0.1982758625 0.381009615625 0.211206896875 0.381009615625
0 0.17241379375000002 0.55889423125 0.2047413796875 0.5360576921875 0.17241379375000002 0.53485576875 0.1659482765625 0.528846153125 0.11853448281250001 0.4074519234375 0.0840517234375 0.4074519234375 0.0517241375 0.5324519234375 0.0086206890625 0.556490384375 0.04741379375 0.560096153125 0.17241379375000002 0.55889423125
0 0.273706896875 0.484375 0.2543103453125 0.47235576874999996 0.2176724140625 0.384615384375 0.20043103437499998 0.3834134609375 0.19181034531250002 0.39423076875 0.17241379375000002 0.47355769218750005 0.15732758593750001 0.4927884609375 0.26508620625 0.4927884609375 0.273706896875 0.484375
0 0.2715517234375 0.375 0.2543103453125 0.43389423125000004 0.2543103453125 0.4615384609375 0.32758620625 0.45793269218750005 0.284482759375 0.37139423125 0.2715517234375 0.375
0 0.3318965515625 0.443509615625 0.3534482765625 0.4387019234375 0.3534482765625 0.4230769234375 0.3297413796875 0.361778846875 0.3125 0.3641826921875 0.3038793109375 0.372596153125 0.3017241375 0.40144230781249995 0.3125 0.431490384375 0.3168103453125 0.4387019234375 0.3318965515625 0.443509615625
0 0.262931034375 0.3978365390625 0.24353448281249998 0.3545673078125 0.23491379375000002 0.35576923125 0.2284482765625 0.372596153125 0.226293103125 0.3954326921875 0.23491379375000002 0.4146634609375 0.2586206890625 0.4134615390625 0.262931034375 0.3978365390625