0 0.95258620625 0.6262019234375 0.9418103453125 0.618990384375 0.92241379375 0.61298076875 0.9030172406249999 0.6177884609375 0.9073275859375001 0.6394230765625 0.9310344828125 0.646634615625 0.9547413796875001 0.638221153125 0.95258620625 0.6262019234375
1 0.997844828125 0.671875 0.997844828125 0.484375 0.924568965625 0.6021634609375 0.875 0.60576923125 0.877155171875 0.627403846875 0.8922413796875001 0.662259615625 0.9008620687500001 0.6670673078125 0.997844828125 0.671875
1 0.836206896875 0.51923076875 0.851293103125 0.5240384609375 0.9655172406249999 0.5264423078125 0.9827586203124999 0.49759615312500005 0.9741379312499999 0.48677884687499995 0.9590517234375 0.381009615625 0.9461206890625 0.3677884609375 0.9267241374999999 0.3677884609375 0.9181034484374999 0.3737980765625 0.862068965625 0.48197115312500005 0.82758620625 0.4927884609375 0.8297413796875001 0.5072115390625 0.836206896875 0.51923076875
1 0.82758620625 0.5 0.836206896875 0.5204326921875 0.8469827593750001 0.5240384609375 0.9482758625000001 0.5264423078125 0.9655172406249999 0.5324519234375 0.9267241374999999 0.599759615625 0.9181034484374999 0.60576923125 0.875 0.60576923125 0.872844828125 0.6141826921875 0.898706896875 0.665865384375 0.997844828125 0.671875 0.997844828125 0.4831730765625 0.9719827593750001 0.4771634609375 0.9547413796875001 0.37139423125 0.9288793109375 0.3665865390625 0.9159482765625 0.3762019234375 0.8642241374999999 0.47956730781249995 0.8577586203124999 0.48677884687499995 0.8297413796875001 0.4915865390625 0.82758620625 0.5
1 0.60991379375 0.37139423125 0.5926724140624999 0.287259615625 0.5797413796875001 0.28485576875 0.5711206890625 0.29326923125 0.5560344828125 0.334134615625 0.5323275859375001 0.3641826921875 0.5517241375 0.372596153125 0.60991379375 0.37139423125
1 0.3685344828125 0.3353365390625 0.34482758593749996 0.2704326921875 0.3318965515625 0.26923076875 0.3232758625 0.2824519234375 0.3038793109375 0.34014423125 0.336206896875 0.3449519234375 0.3642241375 0.3425480765625 0.3685344828125 0.3353365390625
1 0.1810344828125 0.3293269234375 0.15086206875 0.3137019234375 0.12931034531250002 0.2644230765625 0.11853448281250001 0.263221153125 0.11206896562499999 0.275240384375 0.10991379375000002 0.2980769234375 0.127155171875 0.30048076875 0.1443965515625 0.334134615625 0.1810344828125 0.3293269234375
1 0.825431034375 0.4375 0.8685344828125 0.43389423125000004 0.872844828125 0.427884615625 0.8556034484374999 0.4206730765625 0.8469827593750001 0.40144230781249995 0.8340517234375 0.3197115390625 0.814655171875 0.318509615625 0.8038793109375 0.330528846875 0.76508620625 0.40865384687499995 0.737068965625 0.41947115312500005 0.762931034375 0.43509615312500005 0.825431034375 0.4375
1 0.8706896546875 0.43269230781249995 0.8706896546875 0.42548076874999996 0.8469827593750001 0.4074519234375 0.836206896875 0.3197115390625 0.814655171875 0.318509615625 0.8038793109375 0.3293269234375 0.762931034375 0.40865384687499995 0.737068965625 0.41947115312500005 0.762931034375 0.43509615312500005 0.8706896546875 0.43269230781249995
0 0.09913793125 0.5793269234375 0.0452586203125 0.5769230765625 0.002155171875 0.509615384375 0 0.6334134609375 0.028017240625000002 0.6334134609375 0.10129310312499999 0.5829326921875 0.09913793125 0.5793269234375
0 0.0538793109375 0.509615384375 0.07112068906249999 0.513221153125 0.20043103437499998 0.51201923125 0.23706896562500002 0.4855769234375 0.22413793124999998 0.48076923125000004 0.22413793124999998 0.4447115390625 0.28663793125 0.4387019234375 0.28017241406250004 0.4230769234375 0.262931034375 0.41706730781249995 0.22413793124999998 0.3269230765625 0.1982758625 0.325721153125 0.19181034531250002 0.3701923078125 0.163793103125 0.3762019234375 0.125 0.2980769234375 0.11206896562499999 0.296875 0.1034482765625 0.3076923078125 0.0948275859375 0.375 0.10129310312499999 0.421875 0.090517240625 0.4855769234375 0.0538793109375 0.509615384375