1 0.997844828125 0.65985576875 0.997844828125 0.575721153125 0.9806034484374999 0.6081730765625 0.924568965625 0.6105769234375 0.92241379375 0.6165865390625 0.9418103453125 0.6298076921875 0.98491379375 0.6574519234375 0.997844828125 0.65985576875
1 0.8081896546875 0.4831730765625 0.8232758625000001 0.4915865390625 0.8168103453125 0.5144230765625 0.788793103125 0.5204326921875 0.810344828125 0.537259615625 0.9719827593750001 0.537259615625 0.9741379312499999 0.5324519234375 0.9439655171875 0.5204326921875 0.9331896546875 0.5072115390625 0.898706896875 0.388221153125 0.875 0.384615384375 0.862068965625 0.390625 0.8448275859375001 0.44230769218750005 0.8189655171875 0.4447115390625 0.7952586203124999 0.375 0.778017240625 0.3701923078125 0.76508620625 0.3822115390625 0.7392241375 0.4603365390625 0.7198275859375001 0.47355769218750005 0.726293103125 0.48197115312500005 0.8081896546875 0.4831730765625
1 0.7392241375 0.4519230765625 0.75 0.42668269218750005 0.7564655171875 0.393028846875 0.7456896546875 0.3641826921875 0.7306034484375 0.3605769234375 0.7198275859375001 0.3737980765625 0.70258620625 0.43509615312500005 0.6896551718749999 0.4459134609375 0.6939655171875 0.4519230765625 0.7392241375 0.4519230765625
1 0.6681034484375 0.3545673078125 0.6551724140624999 0.359375 0.64008620625 0.3954326921875 0.6314655171875 0.4290865390625 0.6918103453125 0.4290865390625 0.6853448281250001 0.384615384375 0.6681034484375 0.3545673078125
1 0.15732758593750001 0.42668269218750005 0.1681034484375 0.41947115312500005 0.16163793125 0.3762019234375 0.14008620624999998 0.365384615625 0.1336206890625 0.35576923125 0.122844828125 0.36298076875 0.11637931093750001 0.388221153125 0.11637931093750001 0.40264423125000004 0.127155171875 0.40865384687499995 0.1422413796875 0.40865384687499995 0.15732758593750001 0.42668269218750005
1 0.48491379375 0.35576923125 0.471982759375 0.3978365390625 0.476293103125 0.4146634609375 0.5172413796875001 0.412259615625 0.497844828125 0.353365384375 0.48491379375 0.35576923125
1 0.3297413796875 0.40384615312500005 0.3060344828125 0.353365384375 0.29741379375 0.3521634609375 0.2909482765625 0.36298076875 0.288793103125 0.381009615625 0.278017240625 0.3894230765625 0.2909482765625 0.41105769218750005 0.3297413796875 0.40384615312500005
0 0 0.64423076875 0.030172414062500003 0.625 0.02586206875 0.6165865390625 0 0.6165865390625 0 0.64423076875
0 0 0.54326923125 0.148706896875 0.540865384375 0.1767241375 0.525240384375 0.1702586203125 0.521634615625 0.1788793109375 0.4927884609375 0.25215517187500003 0.48918269218750005 0.262931034375 0.48197115312500005 0.23706896562500002 0.45673076874999996 0.20258620624999998 0.3834134609375 0.1961206890625 0.37860576875 0.185344828125 0.3798076921875 0.159482759375 0.474759615625 0.1314655171875 0.484375 0.0840517234375 0.3978365390625 0.056034482812499994 0.3954326921875 0.0517241375 0.400240384375 0.034482759375 0.5084134609375 0.0193965515625 0.5300480765625 0 0.537259615625 0 0.54326923125
0 0.25 0.3701923078125 0.2327586203125 0.372596153125 0.226293103125 0.3990384609375 0.22413793124999998 0.42668269218750005 0.24137931093749998 0.4615384609375 0.29741379375 0.45793269218750005 0.25 0.3701923078125
0 0.174568965625 0.3605769234375 0.163793103125 0.3605769234375 0.15732758593750001 0.3701923078125 0.148706896875 0.4230769234375 0.1681034484375 0.431490384375 0.18318965468749998 0.3762019234375 0.174568965625 0.3605769234375