1 0.997844828125 0.59375 0.997844828125 0.40625 0.961206896875 0.40625 0.9547413796875001 0.41105769218750005 0.8857758625000001 0.5576923078125 0.8426724140624999 0.5637019234375 0.8836206890625 0.591346153125 0.997844828125 0.59375
1 0.7543103453125 0.5012019234375 0.7693965515625 0.509615384375 0.9030172406249999 0.509615384375 0.8706896546875 0.4759615390625 0.8491379312499999 0.3834134609375 0.825431034375 0.381009615625 0.814655171875 0.3894230765625 0.778017240625 0.4831730765625 0.773706896875 0.490384615625 0.75 0.493990384375 0.7543103453125 0.5012019234375
1 0.7672413796875001 0.368990384375 0.7521551718749999 0.365384615625 0.737068965625 0.3822115390625 0.70258620625 0.462740384375 0.778017240625 0.4675480765625 0.78663793125 0.4375 0.7672413796875001 0.368990384375
1 0.7284482765625 0.361778846875 0.72413793125 0.3581730765625 0.7068965515625 0.361778846875 0.6767241375 0.43990384687499995 0.71336206875 0.44110576874999996 0.7327586203124999 0.3978365390625 0.7284482765625 0.361778846875
1 0.648706896875 0.35576923125 0.6293103453125 0.396634615625 0.625 0.4206730765625 0.6767241375 0.41826923125000004 0.66163793125 0.353365384375 0.648706896875 0.35576923125
1 0.5064655171875 0.353365384375 0.5021551718749999 0.34735576875 0.48922413750000004 0.349759615625 0.47413793125000003 0.40264423125000004 0.512931034375 0.40384615312500005 0.5172413796875001 0.393028846875 0.5064655171875 0.353365384375
0 0 0.587740384375 0.0818965515625 0.587740384375 0.10775862031250001 0.578125 0.1336206890625 0.5552884609375 0.08620689687500001 0.55048076875 0.028017240625000002 0.41105769218750005 0.0086206890625 0.40264423125000004 0 0.40264423125000004 0 0.587740384375
0 0.0840517234375 0.5048076921875 0.2090517234375 0.50360576875 0.2284482765625 0.48918269218750005 0.20258620624999998 0.4831730765625 0.16163793125 0.384615384375 0.15086206875 0.377403846875 0.1357758625 0.37860576875 0.12931034531250002 0.384615384375 0.10775862031250001 0.47956730781249995 0.09913793125 0.4915865390625 0.07758620625 0.5012019234375 0.0840517234375 0.5048076921875
0 0.2909482765625 0.45673076874999996 0.26508620625 0.42548076874999996 0.24568965468749998 0.368990384375 0.226293103125 0.3665865390625 0.22198275937499998 0.372596153125 0.1982758625 0.462740384375 0.23491379375000002 0.46634615312500005 0.284482759375 0.46394230781249995 0.2909482765625 0.45673076874999996
0 0.2392241375 0.5889423078125 0.2564655171875 0.587740384375 0.2672413796875 0.5793269234375 0.28663793125 0.580528846875 0.3168103453125 0.5673076921875 0.439655171875 0.5637019234375 0.4439655171875 0.556490384375 0.1422413796875 0.55889423125 0.16163793125 0.5733173078125 0.20043103437499998 0.568509615625 0.21551724062500002 0.5865384609375 0.2392241375 0.5889423078125
0 0.3297413796875 0.5829326921875 0.32758620625 0.575721153125 0.3125 0.575721153125 0.31034482812499997 0.5853365390625 0.27586206875 0.587740384375 0.3038793109375 0.5889423078125 0.3297413796875 0.5829326921875
0 0.31034482812499997 0.44110576874999996 0.3125 0.43509615312500005 0.28232758593749996 0.361778846875 0.26508620625 0.36298076875 0.262931034375 0.412259615625 0.27586206875 0.43990384687499995 0.288793103125 0.4459134609375 0.31034482812499997 0.44110576874999996
0 0.20258620624999998 0.349759615625 0.189655171875 0.353365384375 0.1810344828125 0.3894230765625 0.1810344828125 0.41105769218750005 0.2090517234375 0.4134615390625 0.2176724140625 0.38701923125 0.20258620624999998 0.349759615625
0 0.00078125 0.50546875 0.0015625 0.0171875